1 81 64 38 55 1 65 26 43 94 92 38 84 1 21 79 70 64 5 50 85 71 5 25 62 11 93 91 82 3 45 76 38 86 26 93 77 63 64 3 73 84 18 32 78 58 70 18 41 42 86 29 99 66 99 21 61 52 78 46 46 
2 31 68 94 70 9 94 9 53 46 9 84 2 8 99 80 46 75 88 90 37 80 45 82 20 11 19 4 1 80 39 84 56 40 99 82 85 60 6 84 85 98 52 70 49 28 23 68 13 80 93 57 0 96 11 41 24 50 93 76 59 
3 68 98 48 10 10 68 85 48 27 75 79 46 83 59 51 53 15 9 45 35 96 67 18 59 6 29 84 37 52 57 82 3 35 30 49 96 87 50 26 9 38 28 63 11 78 27 6 4 12 36 20 17 99 58 42 54 48 70 98 88 
4 38 13 12 4 86 31 30 88 43 10 28 80 65 15 91 87 48 8 22 75 50 35 40 68 0 45 68 51 46 44 69 91 85 44 10 48 2 59 82 14 38 76 80 79 56 63 55 90 62 41 32 57 76 56 6 34 65 71 90 34 
5 74 82 21 43 42 10 52 59 8 84 34 67 48 59 97 69 71 14 30 14 25 14 76 83 23 19 45 54 9 22 86 41 83 82 53 90 42 81 16 55 59 28 26 36 5 64 36 16 50 74 39 50 15 11 66 78 74 44 0 83 
6 40 24 66 8 79 20 74 27 56 65 63 12 64 60 3 87 83 87 55 60 48 64 31 35 71 21 38 70 78 27 49 65 49 4 83 8 36 31 83 8 77 42 23 76 39 80 56 87 49 14 81 83 61 27 42 50 1 71 59 22 
7 10 69 14 49 98 30 29 84 53 16 8 41 8 71 24 10 28 74 27 89 88 1 13 81 15 78 53 22 80 17 96 6 52 34 61 98 10 45 95 99 4 1 98 45 89 69 38 70 10 29 93 1 89 44 23 19 14 77 88 30 
8 58 62 86 2 7 53 7 94 0 84 40 5 19 73 69 19 30 9 2 43 76 55 52 92 11 8 99 95 2 89 99 70 10 89 46 41 33 8 97 17 46 7 74 94 91 12 61 85 70 88 88 37 39 94 28 72 67 89 6 68 
9 31 74 3 25 78 10 21 70 79 32 54 35 71 65 22 41 28 83 4 68 93 65 93 39 93 46 85 62 76 54 34 23 50 47 62 22 22 1 29 64 94 82 25 91 68 97 42 96 87 36 57 6 16 21 13 90 32 95 85 35 
10 82 68 90 9 90 43 9 54 56 5 10 44 48 71 10 45 12 69 78 32 69 16 64 84 28 31 39 92 23 25 81 83 77 50 66 73 50 80 96 86 47 90 50 55 10 98 4 32 14 15 27 28 96 54 19 19 13 60 38 53 
11 66 1 88 8 23 28 94 78 49 77 31 56 29 78 99 27 2 65 25 97 16 25 61 11 64 66 41 71 98 91 89 5 78 49 16 8 54 58 38 38 68 96 0 92 41 59 9 16 91 21 97 78 50 13 3 16 80 37 90 9 
12 47 28 80 76 26 59 81 36 28 98 39 78 91 4 84 16 40 74 98 12 85 93 15 95 32 5 75 79 70 23 74 98 92 3 58 31 36 15 67 70 81 76 46 65 5 63 97 10 61 15 6 36 71 30 36 75 64 47 59 98 
13 62 6 73 64 9 61 29 40 18 19 85 78 83 77 18 5 52 69 43 1 15 78 62 34 75 51 99 60 94 4 51 80 10 3 21 61 33 15 81 73 30 21 41 21 59 94 73 24 20 13 33 60 57 37 56 96 27 66 77 27 
14 25 0 41 55 38 32 39 84 95 89 64 52 47 7 88 94 24 55 85 36 43 99 62 95 4 74 68 94 12 88 84 70 80 50 2 49 37 22 21 16 28 50 52 98 31 15 33 61 57 14 86 81 51 38 33 41 84 87 68 7 
15 29 14 10 3 68 50 44 1 35 32 96 28 62 81 63 92 93 5 5 68 85 40 49 64 73 36 78 58 48 10 1 56 79 91 65 18 12 59 43 66 68 43 89 76 50 95 1 37 78 26 61 39 19 80 58 2 7 67 59 36 
16 93 6 38 56 58 24 66 61 16 0 1 86 15 64 57 49 54 54 3 44 58 90 44 83 75 18 93 32 95 75 78 24 80 97 0 29 84 29 6 49 96 88 85 93 95 48 27 39 43 32 34 80 45 53 6 64 29 18 34 21 
17 79 1 32 2 19 28 30 33 88 74 65 23 1 37 39 90 12 13 83 50 75 19 83 81 90 36 27 40 7 98 84 32 25 92 21 73 88 51 15 86 82 49 84 12 43 54 72 18 77 90 19 0 21 52 28 57 34 32 66 26 
18 15 50 11 13 99 84 4 71 43 92 40 37 8 74 82 42 86 54 14 67 89 13 1 70 56 34 20 2 48 64 6 45 46 13 92 44 53 43 62 49 48 92 87 67 64 82 36 50 52 83 62 8 63 32 18 52 90 28 76 21 
19 8 34 76 99 28 8 17 98 77 64 36 15 55 85 99 2 95 2 65 61 76 35 75 74 65 19 11 94 86 68 48 48 42 69 68 80 20 46 10 75 79 7 67 58 63 28 72 34 73 3 69 67 71 77 48 31 96 75 26 66 
20 8 43 91 76 62 0 57 74 69 18 70 31 22 38 63 64 52 84 13 30 25 87 82 22 14 57 80 94 12 60 94 1 62 13 51 45 27 85 19 31 79 46 99 39 10 13 9 7 67 1 86 55 30 3 4 47 58 33 85 16 
21 97 62 92 88 41 62 3 70 13 19 69 64 86 55 2 6 17 81 49 37 46 46 59 24 11 21 15 88 82 69 37 15 78 88 94 68 79 42 60 59 81 40 90 38 60 21 30 71 60 27 27 23 2 37 29 69 5 43 77 21 
22 30 29 98 86 7 61 59 10 64 24 53 1 25 85 54 52 36 0 98 98 6 11 61 45 91 12 94 8 19 99 38 5 29 86 41 93 16 63 28 94 53 57 13 90 91 87 92 89 56 70 16 25 67 2 44 86 53 41 45 55 
23 72 27 76 66 65 9 14 49 35 98 84 64 89 91 18 87 10 40 19 42 90 95 73 25 13 98 19 3 9 98 14 42 37 39 22 57 14 11 72 82 16 1 50 16 37 56 86 78 5 74 62 71 79 90 93 15 89 65 56 83 
24 87 57 48 93 59 48 87 41 44 41 57 88 36 30 61 55 73 32 75 52 86 9 9 97 87 4 69 81 24 68 10 42 6 77 24 61 9 9 9 93 5 7 35 21 54 26 15 90 81 63 17 45 65 97 26 29 8 89 89 34 
25 16 70 74 15 33 61 93 44 92 2 58 19 86 44 39 87 15 51 18 50 50 28 64 96 53 90 51 97 43 13 71 25 54 93 2 20 79 74 91 46 11 49 26 15 48 35 93 29 24 42 77 99 67 47 27 30 87 23 34 76 
26 32 31 5 23 64 88 99 48 79 16 72 59 27 67 81 75 24 36 97 69 51 87 54 35 63 71 17 34 41 24 30 54 98 87 67 54 57 35 79 17 21 6 72 17 20 82 64 28 10 66 69 50 38 68 13 50 11 25 51 1 
27 94 38 66 77 26 94 28 30 34 44 82 79 24 95 58 88 71 11 16 67 73 94 20 48 28 2 25 65 35 42 79 26 22 98 85 46 71 31 5 78 57 49 24 94 1 34 72 87 41 26 54 57 38 6 25 15 70 44 59 93 
28 18 7 52 61 71 12 29 60 27 92 15 25 37 86 34 66 69 61 6 22 82 71 36 67 14 31 84 71 1 19 15 22 69 42 29 75 99 51 92 53 4 77 36 40 49 46 50 21 3 41 6 8 20 45 32 84 68 83 66 5 
29 22 65 28 44 73 4 20 56 27 26 3 92 83 22 85 1 18 70 46 27 83 43 86 1 39 27 74 36 46 77 11 1 42 30 10 24 94 8 92 59 51 64 56 37 20 38 40 42 13 41 86 39 10 91 92 58 96 85 28 57 
30 8 73 27 50 92 98 28 15 1 59 29 46 46 18 19 25 50 28 51 13 57 66 93 68 48 8 0 36 11 29 34 94 89 58 61 93 23 75 38 91 13 5 95 10 23 2 96 93 98 7 77 99 16 40 36 32 32 57 45 62 
31 85 14 10 86 32 60 21 68 14 32 11 56 71 47 73 90 59 75 83 48 40 7 44 24 70 67 6 2 7 82 93 5 61 71 97 66 39 81 16 28 23 41 2 83 65 65 73 23 60 68 78 18 78 79 47 30 26 36 92 79 
32 82 78 78 53 79 76 29 25 52 65 45 63 88 44 37 23 69 92 17 58 69 65 20 32 83 55 56 36 46 71 79 63 60 96 6 28 8 48 59 11 78 63 71 73 57 92 23 31 25 64 82 16 23 57 75 94 8 11 14 64 
33 66 35 13 76 55 63 23 77 6 77 36 47 35 84 78 15 85 48 32 84 54 30 89 27 39 18 34 42 52 66 7 76 7 13 28 20 93 98 6 73 65 28 22 18 49 80 31 50 9 54 47 7 10 57 69 85 14 87 3 88 
34 8 29 49 30 97 59 91 24 52 78 25 18 97 79 23 88 30 89 83 18 89 29 98 12 83 78 98 15 93 30 59 92 17 20 50 5 22 0 72 70 41 19 60 21 22 97 71 22 36 26 35 16 40 33 1 64 94 13 27 53 
35 13 81 87 7 57 73 4 82 94 42 97 37 36 56 86 12 74 50 97 17 7 77 67 44 53 65 75 33 37 6 77 56 75 51 74 48 17 10 53 41 5 0 40 37 53 90 47 32 49 2 72 86 10 29 59 92 4 18 66 69 
36 13 57 13 61 9 25 96 99 50 57 41 92 99 65 27 98 13 37 76 9 36 15 60 43 4 8 88 19 83 49 79 47 52 3 12 43 42 87 65 55 3 4 13 90 30 76 66 73 79 30 32 11 78 11 56 87 18 31 83 33 
37 54 11 96 91 96 48 80 15 15 70 6 38 79 88 85 25 88 54 27 99 66 13 34 75 10 90 27 71 1 63 34 4 98 66 70 76 28 25 48 94 79 19 26 69 71 87 58 33 85 38 29 18 17 32 78 52 68 43 8 54 
38 49 94 87 35 11 17 32 96 61 48 59 22 17 74 45 91 32 68 19 80 91 84 7 95 43 42 2 4 81 22 70 68 81 50 60 15 53 59 9 21 82 76 24 84 72 76 62 26 3 41 39 70 78 22 81 68 4 50 10 82 
39 82 45 18 1 62 25 1 44 60 96 18 5 91 90 68 38 53 33 29 97 51 33 89 32 30 85 18 89 68 77 2 47 14 42 63 73 75 47 96 37 64 3 29 16 89 10 35 55 89 41 48 71 83 57 55 99 28 56 67 22 
40 86 53 1 7 48 37 91 63 81 56 69 23 45 13 41 37 45 46 30 76 74 58 89 8 10 23 99 52 84 25 40 61 93 0 18 47 99 10 4 77 97 46 39 96 1 0 47 81 1 82 31 90 46 4 23 72 13 51 26 64 
41 26 9 57 84 88 67 45 56 32 72 83 60 93 24 31 25 99 41 27 20 16 64 50 59 64 26 88 97 70 87 47 98 31 89 69 24 36 34 4 56 47 13 50 83 20 36 71 84 10 83 43 94 88 23 49 0 42 30 70 5 
42 90 8 4 26 19 56 90 99 61 67 14 33 58 91 58 26 70 59 45 46 69 65 16 19 60 89 71 21 44 51 54 13 71 62 64 17 79 94 1 29 94 98 88 25 90 97 84 75 16 29 19 14 65 72 40 56 73 22 72 73 
43 80 12 92 24 42 24 33 44 31 68 48 71 24 51 22 24 5 3 71 55 93 63 64 43 48 90 48 16 69 35 76 17 84 37 87 26 74 71 89 26 97 57 63 6 80 58 50 98 28 7 63 89 36 92 96 62 75 91 23 65 
44 54 41 15 11 16 35 9 58 39 35 89 82 72 17 18 99 15 42 78 7 67 91 49 34 16 46 75 57 85 27 56 98 55 48 32 55 99 58 54 6 64 67 30 51 74 12 5 64 62 76 90 97 16 13 76 18 54 56 80 43 
45 39 28 76 14 32 16 89 74 41 80 82 95 10 29 5 38 71 68 84 57 87 76 11 82 75 65 58 65 34 45 89 97 24 40 66 48 37 24 35 19 12 80 47 37 11 95 28 91 93 64 35 35 87 84 59 24 44 74 32 40 
46 79 29 45 45 81 49 47 15 14 61 35 97 41 81 82 76 89 67 26 44 86 14 29 27 83 73 30 75 90 5 67 24 29 72 22 13 94 42 96 40 53 16 23 83 38 64 1 99 79 80 12 88 89 42 21 92 3 38 47 43 
47 35 51 13 64 8 53 58 25 51 99 58 95 2 84 25 4 38 59 72 71 85 43 0 51 68 66 40 64 95 20 76 14 19 92 36 10 93 49 32 12 38 39 75 70 62 58 28 63 97 90 1 76 8 23 53 96 66 60 67 70 
48 6 30 53 42 16 81 19 90 12 58 79 35 66 64 75 69 51 83 19 56 37 2 19 7 42 53 98 25 79 18 28 24 28 48 15 57 13 44 99 94 23 40 96 48 14 58 39 0 81 17 23 80 92 33 71 14 66 57 28 13 
49 62 75 11 55 57 94 25 30 4 28 13 70 40 71 17 59 46 35 78 7 34 41 19 10 37 52 15 7 56 54 64 85 83 46 11 15 74 48 68 73 69 83 5 96 90 46 52 16 78 23 79 58 90 94 26 86 12 18 65 97 
50 73 86 74 39 76 99 36 87 29 79 10 87 93 50 49 90 23 83 32 31 95 98 24 50 19 49 0 86 52 87 14 63 62 44 69 0 39 47 28 8 63 77 78 95 17 38 29 96 60 74 72 90 94 24 51 92 1 91 58 10 
51 52 28 85 54 19 79 95 56 9 41 20 88 85 49 90 44 28 42 54 4 29 6 45 60 63 53 39 21 47 16 34 7 18 28 89 72 45 71 55 89 59 11 72 96 21 76 66 61 70 70 67 15 70 56 16 74 15 57 16 33 
52 50 78 41 51 11 61 6 0 81 32 68 9 28 28 4 31 5 66 34 49 25 52 63 14 36 30 81 14 97 42 29 9 12 27 89 65 76 96 68 10 39 56 64 74 49 40 81 31 26 10 60 38 13 30 24 14 61 73 14 57 
53 55 34 50 32 85 66 20 91 36 87 83 21 16 60 77 65 23 38 68 82 54 60 9 24 18 33 16 11 91 32 63 4 25 14 12 27 15 86 31 65 82 41 33 40 88 1 76 38 60 78 15 73 64 73 32 85 19 26 2 23 
54 95 7 83 9 3 3 51 39 3 1 22 40 94 22 0 49 37 22 42 49 52 28 19 8 23 73 98 24 18 78 23 74 32 64 39 67 52 56 82 47 3 57 31 6 77 46 14 26 37 45 62 21 36 51 51 60 35 25 47 53 
55 16 44 72 47 12 35 3 70 54 69 39 91 10 79 44 76 90 53 38 7 34 74 82 30 73 53 65 7 92 16 46 54 45 16 1 34 40 5 61 34 61 47 30 31 74 38 43 20 97 64 58 28 18 52 44 44 89 83 58 19 
56 56 83 50 83 99 88 82 62 44 59 81 45 0 18 50 63 5 13 56 22 24 50 99 79 23 17 16 41 68 22 5 22 77 33 2 89 81 84 84 3 46 50 19 24 60 98 93 4 87 23 5 28 3 11 23 67 77 1 63 80 
57 95 41 78 41 79 70 88 83 27 52 73 11 31 36 76 15 62 5 40 83 10 34 57 53 70 16 46 76 56 87 26 23 46 95 73 7 5 47 82 89 25 23 30 13 27 57 70 80 73 20 18 23 82 2 66 45 46 92 13 75 
58 29 85 97 82 80 92 81 69 98 48 60 87 11 37 62 4 41 60 57 64 60 85 46 14 25 32 60 32 13 61 78 74 53 41 4 66 88 90 36 49 8 5 74 6 57 10 55 62 47 44 56 28 91 19 83 12 42 99 28 98 
59 87 34 58 31 26 57 25 28 58 28 67 53 98 64 29 47 42 31 11 72 10 31 19 62 5 4 11 57 98 21 60 38 57 97 40 21 85 46 77 74 93 58 73 60 56 57 80 42 62 33 88 69 3 28 49 90 60 37 23 45 
60 99 10 96 45 2 87 18 88 96 59 24 89 29 83 90 81 9 80 37 87 77 20 91 52 16 0 35 38 68 96 37 36 88 39 89 75 98 93 59 11 13 44 81 12 60 69 2 84 85 52 85 33 25 33 20 56 11 20 33 24 
61 3 51 43 86 34 38 86 91 25 12 20 46 30 74 26 90 89 3 80 71 91 48 12 53 30 88 73 34 84 92 61 36 77 79 21 9 56 38 80 12 60 65 84 26 51 76 89 74 28 55 11 74 85 18 47 54 0 27 89 56 
62 76 6 76 23 53 87 65 0 12 23 64 57 17 83 96 54 23 65 19 91 30 42 92 88 66 24 6 82 95 89 77 58 29 99 28 44 96 32 39 44 87 93 22 44 95 8 11 90 66 15 91 56 35 84 13 74 45 14 41 4 
63 20 23 41 94 93 4 33 16 77 67 71 31 10 88 68 83 2 37 82 88 90 37 38 3 85 82 47 90 0 80 66 64 79 87 21 83 16 24 98 84 32 61 17 21 97 47 61 17 23 18 25 75 14 68 19 6 45 1 10 18 
64 27 55 95 91 86 65 64 34 9 67 31 69 61 53 3 51 62 72 75 42 60 32 13 30 14 70 98 71 9 79 54 84 67 61 9 46 82 93 32 49 60 62 17 84 95 86 72 43 33 12 10 84 8 91 76 14 63 47 96 90 
65 87 25 72 82 65 63 46 99 50 92 20 13 21 33 97 64 67 60 5 39 93 65 12 50 43 90 31 67 79 43 41 42 93 0 94 80 53 21 0 46 12 17 47 52 79 97 28 46 4 86 1 52 25 58 93 94 12 2 50 90 
66 92 97 39 96 5 13 30 25 53 3 31 17 40 91 63 9 0 1 64 24 6 19 53 59 17 32 48 54 42 61 99 8 46 67 82 50 19 61 21 49 34 22 13 43 54 58 74 56 16 70 0 79 96 97 0 53 83 65 44 35 
67 71 12 90 52 99 85 51 66 97 74 70 60 28 89 21 70 54 52 37 32 68 36 80 16 93 34 71 37 71 95 42 11 57 95 99 11 20 89 53 40 98 53 47 63 47 37 67 5 80 64 85 67 69 41 52 93 52 7 33 5 
68 17 95 76 18 60 53 59 97 91 29 83 4 92 89 70 70 22 53 50 62 18 45 85 5 96 88 25 76 99 39 95 81 76 42 68 94 5 59 1 94 14 37 3 49 80 9 28 30 92 72 38 52 45 13 83 3 88 41 83 9 
69 31 24 87 85 1 69 19 27 99 23 66 49 93 7 57 56 62 94 70 13 47 37 57 17 48 83 25 5 69 18 11 44 84 26 17 8 90 29 82 31 18 27 72 28 77 3 43 1 53 54 18 70 3 45 72 38 88 65 85 11 
70 42 48 86 5 60 13 49 42 23 63 72 44 85 84 44 47 87 22 66 52 52 51 41 66 47 3 17 49 16 50 50 76 41 70 55 57 93 3 64 61 53 84 61 11 87 28 83 52 69 83 68 79 59 75 22 26 77 28 51 84 
71 23 47 75 71 46 82 98 57 74 40 56 21 32 21 88 82 9 5 25 50 20 4 47 85 93 16 96 67 3 57 45 88 77 18 79 59 15 85 84 85 13 8 4 79 97 89 31 60 56 39 5 70 36 46 43 78 47 41 65 67 
72 91 7 62 26 76 22 53 69 79 47 30 5 92 6 37 6 41 78 62 79 68 98 97 79 69 10 77 52 15 3 70 54 98 71 68 55 77 78 76 42 26 84 31 84 5 64 61 94 53 4 36 51 4 10 61 92 73 82 53 6 
73 91 91 68 51 62 45 9 9 65 69 56 9 56 56 67 35 44 16 18 8 34 71 35 98 58 87 85 6 53 93 51 48 25 31 68 53 0 76 29 28 31 55 85 61 91 58 19 85 27 77 71 1 30 66 22 72 62 79 7 25 
74 97 64 38 41 45 9 14 55 56 95 87 66 12 50 90 57 10 71 52 93 25 84 49 50 49 35 94 56 71 88 32 93 18 46 14 10 70 66 77 81 75 10 5 8 78 27 79 40 27 46 30 58 74 86 98 3 69 90 38 95 
75 93 15 0 10 6 56 41 71 26 9 24 86 43 0 99 51 15 33 95 32 6 77 77 41 74 78 14 70 75 77 78 58 38 16 5 38 73 63 2 10 16 42 71 24 63 56 32 22 84 1 94 91 77 61 33 72 42 51 51 25 
76 13 46 88 6 73 83 33 30 91 44 89 67 54 90 13 36 72 89 12 39 43 49 89 9 48 53 50 69 5 27 83 19 22 61 36 50 3 90 88 40 34 63 58 87 18 19 34 62 7 16 17 51 24 99 43 71 74 49 21 8 
77 56 57 29 42 76 60 5 95 0 67 60 9 71 28 77 35 42 27 41 37 54 98 79 74 86 82 47 35 27 51 93 80 96 0 42 57 74 64 45 73 68 34 9 56 19 8 48 32 48 18 57 83 14 67 94 50 22 10 94 30 
78 22 57 93 63 0 82 75 82 89 42 96 84 42 33 90 30 33 72 18 22 73 6 12 70 30 14 7 26 77 38 6 38 17 62 76 71 72 81 36 65 73 89 58 96 20 4 8 17 23 6 65 26 15 64 27 35 25 97 76 32 
79 65 57 6 65 6 30 42 50 32 35 71 68 4 5 1 89 20 42 12 0 63 48 80 17 72 32 47 8 9 82 95 31 32 37 20 14 42 72 23 42 23 94 42 1 51 39 68 24 63 79 41 4 8 35 13 55 92 8 62 6 
80 46 53 22 90 24 60 57 62 27 32 2 31 25 71 20 24 35 68 87 66 93 3 30 43 93 95 59 5 38 94 60 58 69 10 9 35 73 81 13 59 20 10 3 55 91 7 65 47 41 58 85 77 46 59 3 34 94 27 0 38 
81 5 13 23 82 85 36 57 71 92 17 89 90 80 27 75 17 48 96 5 91 45 81 62 22 39 8 41 35 91 26 29 17 23 27 41 46 79 49 27 83 29 70 8 78 37 31 51 31 7 17 95 29 84 37 70 96 95 45 78 43 
82 59 96 24 91 38 22 0 51 65 91 14 61 65 76 10 74 96 47 93 12 18 53 67 32 83 86 95 17 83 13 33 2 37 15 68 24 39 13 92 97 46 44 35 48 70 25 19 25 81 93 10 26 52 77 19 32 27 11 88 74 
83 23 75 85 93 94 32 52 24 24 38 69 18 92 13 73 71 87 89 66 98 53 39 0 27 5 32 64 38 16 82 83 48 42 88 8 17 26 75 79 55 0 70 47 57 61 97 33 81 60 11 3 86 20 26 55 81 75 24 2 63 
84 61 60 90 79 67 46 46 76 68 79 87 15 30 67 87 60 86 34 41 57 26 32 24 38 99 42 60 69 2 51 37 83 44 61 32 83 78 38 51 63 52 53 81 27 71 1 16 20 78 49 75 87 63 51 77 82 97 41 42 43 
85 79 57 90 68 86 26 16 92 4 22 29 17 33 22 90 83 94 38 83 28 97 99 20 3 8 64 28 30 38 30 35 40 78 72 62 2 98 64 0 68 37 41 25 80 28 87 19 56 61 54 3 83 39 13 6 90 33 24 79 21 
86 69 75 64 87 85 50 32 59 21 95 49 64 60 62 54 98 30 6 62 51 42 92 33 26 47 3 38 37 69 32 64 5 70 85 28 31 7 56 87 53 24 24 20 4 91 78 74 74 8 6 80 56 36 85 79 29 22 40 85 74 
87 93 91 97 29 94 45 15 99 11 3 70 60 98 97 67 76 69 37 19 23 71 72 70 98 15 3 96 64 3 13 53 46 71 14 37 27 90 58 26 88 88 90 75 49 36 97 80 52 5 7 96 78 74 26 70 66 82 72 8 36 
88 21 63 69 45 89 63 55 84 90 79 15 35 77 51 79 9 55 23 19 76 53 59 37 11 3 9 26 49 51 21 91 45 1 29 32 72 23 79 46 15 65 27 64 16 42 18 30 82 8 12 16 92 71 81 71 24 41 19 18 75 
89 86 93 92 94 80 77 11 4 13 84 45 79 55 54 93 88 47 88 66 21 26 2 18 90 99 62 64 85 57 8 3 41 10 32 77 41 6 11 52 64 85 75 82 63 12 74 3 99 92 99 30 5 38 47 19 84 73 76 51 59 
90 81 2 33 96 30 81 39 46 94 78 99 59 45 11 44 4 71 89 75 9 94 31 37 79 47 72 27 12 92 42 2 77 11 71 54 41 3 59 74 22 73 44 29 77 65 32 4 25 38 88 29 67 92 8 40 91 11 69 77 46 
91 23 18 22 35 62 3 16 33 85 67 7 85 78 31 78 16 24 92 72 25 41 67 79 89 26 66 16 16 9 19 81 66 26 21 99 52 98 8 54 57 96 33 15 43 15 3 93 85 34 75 72 28 7 68 47 10 23 27 21 6 
92 27 91 60 33 87 43 15 96 88 8 36 3 52 69 74 29 91 84 93 85 2 92 38 9 19 65 94 27 81 44 61 84 13 64 60 36 14 66 24 52 48 65 99 42 18 72 6 42 0 53 44 93 95 50 57 75 21 47 53 6 
93 76 0 20 44 41 28 30 23 33 96 95 10 31 48 74 29 73 67 11 26 77 5 18 25 5 4 6 22 46 28 87 53 43 44 34 20 98 59 25 14 82 25 36 68 33 92 13 57 60 57 29 37 95 3 49 2 86 5 88 59 
94 26 20 17 72 9 53 91 19 43 30 57 12 72 77 24 0 88 37 76 93 20 53 26 66 91 41 93 86 8 14 25 16 76 1 76 27 78 0 72 10 76 75 98 76 29 80 46 50 5 70 47 56 48 18 62 31 90 34 42 62 
95 60 35 80 32 89 65 77 92 20 42 21 2 35 49 0 47 53 43 69 64 0 52 56 12 77 21 79 10 17 7 79 89 51 81 88 97 30 40 1 23 96 2 30 58 90 65 24 7 68 13 87 17 38 26 22 10 27 17 8 47 
96 29 77 56 69 15 79 92 74 85 71 86 45 40 93 4 41 63 2 85 60 22 1 60 40 87 70 62 24 41 85 6 5 76 35 7 1 35 57 13 53 53 37 30 14 55 19 75 48 40 96 53 12 71 37 33 58 15 71 55 8 
97 79 70 21 5 32 51 56 34 16 51 12 23 5 72 89 4 4 11 9 26 22 13 94 1 9 70 27 24 68 68 32 88 98 8 14 12 75 84 60 19 94 8 92 73 23 71 19 41 31 5 28 97 29 18 53 4 13 28 33 17 
98 80 79 5 37 34 19 56 36 48 10 37 90 77 98 0 77 52 82 92 29 13 99 74 20 3 10 95 50 27 71 80 81 37 33 31 97 70 24 41 32 3 22 7 48 13 58 66 47 97 81 78 84 90 76 72 98 93 93 94 63 
99 81 45 89 9 11 47 6 40 78 56 95 97 60 79 67 21 80 18 90 39 75 28 41 94 40 29 58 2 9 95 79 68 75 37 13 12 17 22 59 74 40 91 32 51 12 8 6 20 45 58 67 32 18 88 66 54 51 76 14 23 
100 94 43 88 0 63 90 8 24 26 85 73 60 19 77 15 35 52 69 62 91 0 13 61 31 14 7 28 42 72 36 96 43 51 59 21 42 41 52 10 50 89 2 52 24 98 80 89 9 75 4 41 12 74 83 4 12 40 69 2 12 
