1 50 79 33 62 75 81 81 4 16 33 85 92 11 96 32 59 57 85 94 16 24 70 5 46 58 0 75 2 86 29 12 90 49 90 1 44 10 36 48 46 58 53 29 70 7 97 67 40 66 71 56 51 70 15 24 55 21 38 79 62 
2 82 22 12 88 44 76 9 24 46 80 54 85 80 2 57 79 18 14 89 56 51 28 9 23 64 46 18 15 54 43 71 3 86 4 66 87 87 21 76 69 72 32 88 84 77 81 61 83 99 68 44 33 29 1 31 22 83 79 22 59 
3 98 78 92 5 86 28 68 37 21 66 51 90 15 56 45 29 87 80 56 59 62 34 11 67 13 67 56 99 44 45 22 99 71 98 90 77 42 7 93 71 3 17 38 51 10 39 61 69 26 95 69 11 28 85 32 55 20 72 67 8 
4 55 8 90 34 71 22 87 87 86 19 45 9 82 12 64 83 57 20 62 73 34 33 78 14 43 35 37 95 24 13 42 20 16 48 15 23 24 37 23 18 6 5 13 90 59 18 18 82 24 24 94 18 77 2 3 41 10 98 18 31 
5 63 47 74 38 91 91 63 35 50 5 27 57 7 57 70 4 8 26 14 97 7 67 94 34 20 64 96 63 4 18 76 47 81 39 6 89 74 35 45 11 75 84 39 51 30 31 27 35 51 76 73 66 91 88 37 92 75 9 71 93 
6 52 87 90 73 77 46 47 50 79 72 61 97 22 56 93 45 53 9 76 21 58 30 14 53 35 8 95 21 91 64 66 98 68 78 74 35 96 38 88 56 84 15 82 49 44 2 15 8 1 41 22 23 24 68 33 66 64 6 93 13 
7 54 97 28 49 47 88 97 51 87 61 89 33 87 19 24 60 27 19 72 8 48 10 38 21 31 85 86 71 71 28 10 40 45 31 98 31 32 78 87 65 55 29 19 91 51 46 69 36 52 44 52 86 15 79 67 38 44 67 92 98 
8 38 46 98 32 80 65 65 41 12 70 36 63 51 46 1 65 94 65 11 96 12 99 45 28 11 31 24 3 90 15 7 63 6 46 64 57 28 88 18 0 79 84 69 16 18 5 60 39 38 25 47 48 40 10 50 84 92 54 93 37 
9 93 77 43 17 15 39 33 10 87 72 14 86 62 0 97 10 30 97 87 54 34 4 24 89 91 23 3 12 95 77 78 1 98 22 20 26 16 18 50 25 58 45 18 71 38 20 5 30 89 64 59 2 51 71 41 38 98 66 14 6 
10 87 2 50 52 63 58 49 9 69 52 80 7 32 36 65 81 10 82 69 20 64 48 50 30 90 18 79 59 58 85 3 79 5 18 73 22 47 34 43 5 8 12 98 72 50 82 7 75 62 78 5 48 26 87 60 87 60 50 79 44 
11 47 29 66 81 89 18 2 55 65 78 97 73 7 36 20 38 25 97 16 35 22 39 46 12 66 4 60 31 84 60 95 40 3 26 49 33 44 75 55 5 19 20 74 1 20 40 65 61 94 19 56 36 35 99 90 11 8 50 34 76 
12 3 42 97 42 13 59 82 56 81 52 91 22 60 39 83 61 5 47 75 47 35 49 73 16 60 83 62 96 48 94 78 99 51 75 76 50 5 92 86 62 74 11 90 61 68 37 33 63 83 14 20 62 32 45 82 63 98 27 32 37 
13 84 74 56 91 85 85 60 11 50 94 94 60 27 99 29 79 71 73 27 76 59 97 30 9 6 63 90 43 19 57 0 68 93 42 63 51 79 68 21 58 84 47 64 46 19 12 10 51 53 65 5 14 24 23 18 31 17 3 36 30 
14 66 87 43 23 49 20 18 83 91 89 15 17 73 51 12 34 48 59 17 4 53 85 21 19 32 15 0 21 0 63 10 19 33 88 50 62 48 98 18 0 66 18 92 31 97 48 10 54 48 65 47 11 10 3 81 74 84 80 40 83 
15 31 93 54 82 1 15 57 52 1 19 42 95 26 83 27 70 24 93 15 89 3 21 74 75 86 18 76 34 34 33 27 29 61 87 61 98 11 67 57 40 73 27 1 88 82 4 2 32 17 10 13 36 61 2 56 14 91 98 63 54 
16 37 6 53 15 83 94 4 63 34 30 2 79 38 6 95 22 86 38 23 39 96 49 58 86 42 7 22 83 88 1 89 24 66 84 33 70 87 31 18 56 75 68 55 38 72 42 85 18 34 66 76 64 65 48 81 57 79 34 19 54 
17 13 4 24 39 61 49 2 97 30 40 43 57 45 2 88 14 18 40 92 4 33 21 74 21 90 29 23 98 7 94 35 95 41 57 74 11 38 70 34 2 66 1 47 89 87 3 18 63 48 73 88 89 25 95 13 17 72 75 45 84 
18 34 66 32 87 13 24 75 22 54 16 40 4 54 41 81 63 43 96 69 76 29 39 36 17 79 67 36 17 83 71 4 92 73 8 8 47 9 99 53 70 83 70 88 54 33 7 54 99 51 21 25 15 59 49 69 27 73 64 93 77 
19 64 30 21 61 51 86 31 35 16 64 17 53 97 57 15 36 77 95 99 17 84 20 60 82 14 15 3 94 49 97 83 31 35 99 34 28 45 7 4 95 44 0 63 31 34 71 73 94 22 67 17 82 28 61 66 97 52 4 10 58 
20 50 62 18 87 27 3 11 89 2 82 30 58 2 21 89 88 34 65 95 60 30 11 82 92 38 14 39 15 49 93 94 73 47 53 10 73 15 52 31 35 24 73 98 78 63 38 22 94 93 22 56 52 99 93 61 36 25 0 72 91 
21 90 51 24 67 19 67 84 55 88 16 13 59 35 61 14 38 65 35 0 43 20 60 96 55 49 95 68 38 28 46 95 62 55 1 9 71 55 16 62 21 72 10 98 63 58 71 5 59 77 73 90 69 10 26 20 84 72 63 40 84 
22 79 64 10 86 12 38 1 9 81 81 21 5 57 63 0 90 66 61 2 49 31 19 73 67 3 0 34 47 67 26 58 81 91 38 42 90 15 35 83 85 19 55 4 46 22 35 42 89 95 7 7 12 92 82 18 94 45 94 17 76 
23 18 43 85 22 0 38 0 42 96 2 8 34 78 3 69 37 24 17 41 73 78 44 86 40 46 28 91 27 86 97 48 53 33 85 21 46 78 6 57 86 82 20 47 8 22 49 48 69 72 8 90 10 89 76 16 6 63 49 16 32 
24 94 90 41 10 30 75 59 34 24 91 76 29 46 56 25 37 18 70 60 14 29 44 18 81 95 68 63 90 9 92 62 72 35 65 20 64 32 77 72 41 88 24 58 79 67 68 84 62 56 1 53 6 93 55 42 18 67 52 17 89 
25 42 50 68 68 32 33 72 84 39 60 15 94 48 85 69 53 84 6 46 5 90 6 11 83 95 5 31 56 58 7 17 13 87 96 59 79 18 78 39 52 66 20 68 13 27 64 8 33 33 28 76 97 0 62 12 68 92 83 39 82 
26 28 45 35 2 1 59 16 32 83 65 79 52 76 82 63 64 46 77 22 8 74 5 74 99 67 40 28 97 69 88 45 74 79 62 58 72 23 47 0 15 26 18 56 9 39 80 94 61 29 88 91 41 39 34 77 53 42 92 33 55 
27 12 54 34 57 74 7 60 54 71 81 99 55 57 16 98 77 89 79 41 22 77 91 47 93 41 60 7 14 70 84 31 59 96 58 80 47 5 19 52 77 9 12 60 42 15 47 24 72 29 8 84 85 44 28 95 5 83 61 98 72 
28 52 64 25 43 42 53 45 24 46 18 99 45 10 89 86 30 92 71 78 94 68 9 9 39 31 32 62 95 42 71 20 11 7 28 40 19 22 28 67 81 24 8 74 63 73 40 26 48 51 93 43 12 25 65 26 33 32 26 58 74 
29 5 31 90 87 66 13 55 38 34 54 83 11 97 18 77 23 74 84 86 18 67 59 13 14 74 72 71 28 71 31 73 70 24 92 40 39 29 93 15 34 80 87 21 8 27 58 34 66 60 82 82 67 74 90 32 3 16 46 62 19 
30 85 53 58 55 50 38 14 33 70 48 22 52 33 62 17 11 17 22 17 32 72 50 39 8 24 25 72 25 64 55 64 98 94 89 53 81 47 16 0 82 7 90 57 86 75 67 31 76 78 74 87 31 5 61 47 70 95 82 21 12 
31 53 13 48 39 98 54 29 86 14 82 47 93 32 45 19 35 83 35 54 97 96 79 38 72 62 40 13 2 22 68 83 7 28 17 45 84 83 94 84 46 20 10 95 89 92 94 42 87 89 52 86 81 79 60 29 74 79 4 17 86 
32 51 38 24 18 83 85 74 64 3 70 18 79 78 37 92 0 25 54 26 25 35 87 45 51 17 53 14 23 95 41 72 97 82 64 51 11 0 63 16 95 51 42 33 21 85 7 40 15 68 13 56 32 39 24 85 36 55 27 1 60 
33 74 81 12 58 22 8 42 46 20 64 34 96 26 70 92 67 45 25 90 2 41 78 99 57 14 88 62 8 10 55 86 75 57 95 41 81 26 54 2 16 42 22 67 61 32 44 41 21 96 67 38 0 13 35 86 86 22 77 24 57 
34 48 81 1 18 78 13 67 19 80 84 50 6 43 16 33 54 11 73 87 2 74 82 44 0 71 4 0 54 82 39 33 37 52 54 68 5 15 82 74 93 78 30 25 91 82 41 23 97 60 37 27 58 45 70 30 6 66 5 93 57 
35 56 89 44 65 58 22 95 82 65 57 46 4 98 74 21 75 88 3 99 27 41 19 9 15 78 74 12 62 35 35 9 81 94 74 26 24 49 5 38 0 3 78 51 29 7 74 52 65 19 1 33 88 9 68 52 90 41 91 77 6 
36 2 65 71 58 42 65 54 7 42 12 39 89 83 19 91 54 21 53 68 9 82 10 21 10 12 99 45 73 98 76 14 44 1 83 41 39 71 44 98 40 16 37 83 94 50 18 94 58 38 49 29 62 77 26 46 97 8 75 67 44 
37 71 27 7 69 17 46 52 7 3 84 53 81 22 25 68 38 22 82 19 20 44 25 92 67 18 46 4 80 40 13 68 57 21 33 51 43 28 2 2 14 80 54 80 97 1 6 12 91 39 97 48 5 35 70 99 84 81 94 50 59 
38 41 66 85 66 20 53 67 51 4 40 14 85 32 62 90 85 15 73 33 87 34 52 55 74 76 91 53 61 82 7 71 25 77 67 84 89 3 77 59 44 48 28 16 11 76 97 89 70 67 60 18 70 53 55 26 12 38 81 24 55 
39 62 48 14 33 19 10 48 64 82 88 13 82 7 23 36 80 52 5 54 90 30 51 66 80 52 34 68 4 92 27 35 86 71 27 54 16 82 64 32 0 49 73 81 72 51 14 38 84 29 63 63 59 29 55 7 47 88 42 16 75 
40 63 73 22 58 51 67 61 73 14 2 85 15 98 83 27 0 27 53 17 70 71 14 2 47 47 59 82 38 14 97 49 0 4 53 4 65 91 2 24 66 7 83 58 93 62 93 32 58 22 97 40 61 9 99 54 8 6 14 99 2 
41 12 43 99 23 72 39 82 22 86 27 19 50 86 47 55 79 16 35 87 90 22 23 52 94 77 30 62 41 31 37 32 20 85 56 34 60 38 20 86 76 25 74 26 71 89 56 78 54 90 80 84 78 25 28 52 93 56 61 58 50 
42 78 88 6 93 21 41 53 21 27 90 86 8 63 13 12 13 39 97 76 54 87 89 61 91 23 37 49 77 30 26 91 15 35 77 30 55 40 98 65 7 81 62 59 63 56 18 87 17 9 82 0 14 17 78 23 15 92 32 56 90 
43 16 13 69 62 58 90 64 87 77 77 93 1 2 61 42 43 83 41 81 94 39 93 68 85 34 7 69 78 6 4 45 62 18 92 5 50 75 13 66 84 44 4 73 98 42 1 6 54 71 60 61 63 4 22 64 27 79 48 15 50 
44 55 17 2 64 90 52 46 89 92 96 10 38 25 19 85 28 20 41 20 1 16 15 64 83 22 97 46 69 27 93 43 37 22 66 48 33 41 68 93 65 8 37 58 91 47 52 45 1 68 77 22 80 46 21 65 11 38 15 39 26 
45 22 25 70 70 43 76 20 74 40 82 9 13 1 84 2 4 95 35 81 45 56 36 37 97 13 25 76 41 38 50 81 57 84 13 65 12 61 21 54 47 41 30 84 72 10 41 22 36 16 48 4 17 21 4 54 35 26 28 59 21 
46 81 52 17 70 17 77 48 79 48 1 60 28 21 15 25 27 59 22 31 40 30 70 30 91 20 8 94 80 45 77 31 2 50 27 54 52 68 30 20 99 96 32 69 38 64 31 84 47 39 86 70 97 67 65 72 0 32 22 76 77 
47 13 42 69 57 30 62 77 71 70 88 20 27 93 19 2 84 8 98 0 56 32 93 1 97 33 73 23 38 13 43 58 77 32 31 6 89 91 21 59 30 92 84 70 78 5 97 4 58 35 58 43 69 51 51 14 92 72 9 60 60 
48 66 16 29 6 49 63 32 84 58 50 96 90 39 94 37 23 48 61 96 16 10 93 84 12 89 15 12 87 28 56 67 63 97 4 27 92 43 55 15 0 43 30 66 71 6 98 63 14 71 50 71 17 55 73 95 17 53 28 38 64 
49 84 64 25 28 4 54 39 97 5 63 39 81 3 72 27 20 36 72 26 59 28 36 66 79 84 34 50 89 3 19 32 86 49 97 15 18 80 2 45 9 99 51 89 27 52 93 36 89 7 26 57 93 30 35 6 42 4 83 55 27 
50 0 14 92 32 98 21 4 32 69 73 55 48 90 29 34 4 11 85 31 73 7 92 99 10 20 52 76 52 60 92 54 92 69 43 91 50 98 6 36 35 82 12 70 62 65 52 99 72 70 84 87 80 77 90 67 15 24 0 80 1 
51 67 28 46 66 98 45 89 55 51 60 15 89 32 68 89 3 55 20 13 67 12 55 17 90 84 99 27 69 41 33 89 1 16 55 96 71 28 31 53 96 33 7 63 58 34 42 88 57 30 74 81 45 69 44 25 60 85 20 99 85 
52 31 5 94 4 83 58 99 3 13 32 20 84 24 13 77 60 18 4 17 97 29 31 85 50 80 0 32 73 90 29 74 73 81 94 52 53 69 28 37 10 39 69 66 64 35 49 93 85 88 28 27 27 90 20 49 11 97 51 78 43 
53 43 13 10 60 33 67 77 1 42 75 60 73 25 28 43 25 71 65 4 89 68 36 8 93 6 74 9 66 64 66 72 49 15 74 62 32 2 78 82 43 76 46 15 65 1 51 8 41 53 64 46 72 11 58 10 39 96 42 13 68 
54 58 20 39 75 98 52 29 24 43 19 70 55 64 50 91 82 80 64 98 82 59 59 65 71 13 96 77 36 12 87 80 90 38 45 15 91 36 98 63 63 94 28 11 92 29 58 56 43 20 71 43 59 45 23 4 66 64 36 32 45 
55 92 8 27 79 3 88 2 67 2 53 80 0 66 89 77 19 5 18 81 48 64 40 17 32 17 91 75 46 11 67 34 4 27 94 16 39 89 43 81 91 89 64 98 26 28 34 31 35 47 1 31 73 33 53 53 51 49 39 92 48 
56 36 14 41 18 32 91 35 75 63 22 97 31 48 48 4 9 46 16 61 68 34 0 35 71 90 8 31 38 21 41 12 63 84 27 10 12 43 75 49 23 22 46 30 98 50 54 41 61 19 77 46 33 45 4 47 52 85 74 6 49 
57 75 14 28 6 21 68 48 16 32 88 75 6 44 37 23 68 49 40 92 45 7 92 91 57 40 94 44 16 14 97 40 20 81 35 35 38 68 63 31 83 68 17 95 62 75 68 34 8 88 19 26 60 92 46 36 3 48 7 98 16 
58 32 35 87 82 36 12 55 24 70 28 28 66 87 74 65 52 81 2 27 27 7 76 96 47 54 82 47 59 25 93 19 37 96 45 80 63 39 5 85 97 78 18 43 86 4 79 20 2 98 90 81 92 45 58 45 29 56 2 83 46 
59 45 39 88 89 74 97 73 65 61 30 36 26 69 25 12 54 9 90 17 30 88 42 84 92 27 40 94 89 66 14 27 0 9 73 76 5 85 51 26 17 30 16 78 72 20 40 21 86 63 9 32 66 62 46 70 76 81 77 70 84 
60 98 91 85 65 66 71 52 39 46 89 58 55 0 33 60 93 34 79 19 11 13 96 41 14 8 1 33 23 91 19 68 3 21 26 24 22 87 52 53 4 82 48 36 45 72 48 85 19 53 94 26 32 5 98 27 84 0 84 54 81 
61 51 95 47 88 91 80 16 81 6 70 44 42 74 21 14 77 31 12 92 85 76 13 41 99 66 15 99 64 40 79 83 53 84 34 31 81 54 86 74 51 85 22 87 90 58 50 58 52 24 18 46 25 9 52 23 20 31 55 92 28 
62 90 68 94 58 17 32 21 77 85 63 22 39 56 3 26 84 93 27 97 48 67 46 38 58 48 50 3 11 95 45 37 21 16 47 78 33 23 99 49 67 96 44 50 5 66 38 48 60 10 86 27 72 43 68 92 84 82 21 34 84 
63 15 46 79 24 67 16 66 79 12 51 25 81 47 57 96 69 82 71 93 53 8 1 13 17 63 95 90 78 27 60 53 4 94 31 83 99 5 88 20 50 62 14 26 6 37 52 63 55 35 96 63 66 36 78 57 32 64 11 82 54 
64 39 26 4 4 7 13 8 38 98 42 55 64 65 76 69 91 30 64 99 2 63 21 57 93 46 29 25 27 67 91 17 70 77 23 61 34 6 11 68 19 24 25 59 12 30 11 59 75 22 83 61 71 91 22 90 65 0 29 16 33 
65 72 47 9 49 47 72 15 13 43 67 0 41 55 35 35 89 66 59 1 96 93 54 28 45 89 71 54 95 66 96 54 75 7 46 1 37 48 5 37 9 31 82 85 83 67 52 47 20 49 90 11 54 23 78 54 94 27 32 16 78 
66 45 44 85 65 35 36 68 71 98 88 49 15 4 57 2 11 43 23 87 36 21 38 93 19 40 63 35 86 62 6 50 99 49 59 96 97 14 80 61 16 37 89 30 63 61 13 1 72 68 84 99 8 63 33 34 48 88 94 3 0 
67 61 47 29 57 8 58 22 12 21 40 21 35 35 52 42 25 62 77 80 6 96 94 72 10 98 62 54 70 8 84 99 43 79 66 62 66 43 21 29 80 0 56 11 72 36 4 3 28 28 52 42 9 60 16 8 59 17 99 32 66 
68 96 27 40 4 14 11 99 12 46 50 73 20 8 37 36 25 76 54 84 10 87 24 31 95 19 26 85 38 95 65 10 83 27 28 34 69 42 32 79 2 17 32 29 2 19 28 19 13 21 53 81 10 21 44 57 23 75 73 47 51 
69 74 22 78 97 43 96 13 73 83 64 21 63 33 89 30 15 64 8 95 23 8 16 63 35 64 48 44 40 76 89 38 72 67 92 1 53 9 89 51 89 15 45 69 55 39 51 14 60 80 28 50 84 30 68 75 67 37 49 17 84 
70 81 31 85 99 82 6 61 29 73 11 71 82 21 11 45 42 68 0 10 69 45 62 50 54 95 75 71 88 6 73 37 76 28 4 71 48 56 42 67 18 18 91 5 85 63 87 30 44 19 50 57 86 5 72 77 98 38 48 19 8 
71 53 30 11 19 73 37 62 29 64 69 69 49 52 6 96 52 41 33 10 41 12 67 76 94 1 12 70 20 65 79 51 10 94 33 16 13 29 95 2 80 55 86 8 25 33 67 10 56 59 64 17 35 31 5 34 8 73 36 85 8 
72 50 34 59 89 67 6 30 22 92 73 32 54 68 13 96 92 32 7 63 95 56 96 40 38 29 86 77 41 13 39 95 9 35 28 44 81 83 24 47 9 44 49 69 89 34 53 29 11 83 19 54 97 79 6 80 41 50 72 48 62 
73 64 15 67 93 13 93 90 78 37 24 84 28 12 55 73 38 59 38 9 18 48 76 61 80 30 88 72 17 85 6 75 22 56 41 43 83 61 9 94 24 48 12 97 64 45 76 0 97 61 40 70 53 46 93 68 79 99 23 45 96 
74 59 42 26 65 31 87 47 53 42 59 82 27 30 35 53 89 93 36 71 11 1 79 16 19 27 73 25 65 47 56 95 32 67 46 48 67 94 81 18 78 54 65 79 75 84 30 71 38 62 11 31 74 85 85 34 63 25 9 16 45 
75 11 13 70 85 94 48 78 84 99 3 88 79 8 28 98 45 49 77 95 47 68 49 39 32 92 72 17 85 7 47 25 68 98 94 95 40 91 36 59 92 74 54 58 22 74 23 80 53 17 89 67 37 0 26 53 62 7 32 32 21 
76 56 50 66 39 94 42 86 18 91 60 98 33 47 55 31 5 43 69 24 59 83 0 50 11 32 49 41 15 15 22 5 6 74 94 54 22 2 27 51 97 73 32 38 99 91 40 20 41 61 19 60 54 4 2 85 78 49 4 73 6 
77 28 58 21 32 14 17 8 2 55 62 15 8 74 91 4 1 9 78 59 22 45 21 45 76 28 46 18 89 53 21 33 19 79 77 59 45 2 17 0 5 34 36 36 12 66 77 0 43 39 16 65 6 11 84 52 34 52 83 69 88 
78 38 26 48 83 58 66 22 96 97 67 52 71 84 84 16 46 53 13 75 57 59 88 97 22 21 62 58 64 62 21 71 96 21 2 71 96 79 43 20 17 87 40 15 27 87 13 48 39 46 10 87 52 19 19 94 92 56 19 60 98 
79 34 74 58 12 46 84 98 44 3 49 20 84 22 84 36 86 51 79 38 43 43 77 81 34 90 9 58 65 76 3 31 47 98 13 17 85 61 74 45 22 5 40 93 89 41 96 80 80 95 20 40 32 36 13 63 58 17 12 26 15 
80 38 14 79 99 60 93 13 52 6 76 24 76 3 88 49 46 26 10 80 8 19 19 12 57 0 91 49 25 26 58 12 48 3 0 62 84 93 30 46 41 61 35 54 74 39 52 15 84 85 39 87 36 83 60 84 61 72 38 71 86 
81 46 32 24 15 50 99 31 81 42 33 45 89 42 9 72 70 85 14 90 75 9 56 36 37 37 38 86 18 55 4 61 41 89 0 8 78 29 39 11 6 38 94 82 81 85 70 84 6 36 6 97 8 98 37 8 28 71 84 7 1 
82 79 78 47 12 43 71 2 72 9 29 41 82 63 57 14 67 95 1 8 36 91 74 23 59 3 27 30 35 31 99 29 27 1 26 25 3 4 39 84 64 32 62 75 19 1 48 5 20 1 58 72 89 19 8 41 47 18 70 22 17 
83 99 70 95 54 61 13 45 46 10 51 27 70 1 81 38 84 18 25 74 73 92 97 0 63 9 66 95 33 51 78 23 88 35 56 69 65 33 43 87 35 98 44 66 74 20 58 40 43 45 93 67 74 12 16 61 5 64 94 44 88 
84 95 3 3 75 82 57 28 12 5 91 39 71 52 89 70 14 92 20 43 31 74 86 71 87 69 83 14 46 3 82 55 1 85 41 5 28 26 78 44 9 96 83 12 89 31 19 23 62 64 91 13 23 98 85 23 74 64 26 58 78 
85 18 69 3 12 92 19 53 94 67 35 20 79 69 74 43 19 5 95 98 44 30 12 41 54 39 3 49 49 17 14 59 18 70 25 33 73 70 32 25 55 76 61 6 61 67 4 57 4 93 54 25 46 35 45 66 8 1 50 10 61 
86 13 65 50 73 93 14 83 14 92 43 17 74 36 46 59 62 84 19 20 9 59 1 75 53 33 2 97 53 91 35 65 87 34 15 9 51 32 67 29 12 64 67 89 39 32 13 17 62 2 65 51 2 84 27 95 84 25 69 28 97 
87 92 98 38 70 69 43 41 43 8 3 68 64 13 73 66 26 13 86 27 49 3 53 71 72 35 59 64 91 76 14 10 45 91 3 6 61 81 74 73 95 89 78 24 77 0 74 24 46 96 50 67 53 23 77 56 91 66 8 93 17 
88 21 66 49 25 61 33 22 0 50 65 31 86 63 2 34 16 86 50 93 18 34 49 12 5 37 33 33 71 25 25 41 76 8 45 21 2 22 2 75 56 56 63 61 23 66 41 73 42 90 74 78 34 14 52 41 52 51 20 25 59 
89 50 62 35 43 10 82 27 41 15 18 9 91 30 71 71 42 31 62 22 95 9 68 74 28 6 68 82 59 24 91 76 59 45 48 47 67 15 18 80 8 14 87 82 85 92 97 44 53 3 80 50 80 12 32 28 52 50 0 0 83 
90 89 46 30 99 78 29 88 77 20 33 13 66 57 96 11 51 83 42 6 96 68 22 25 73 53 63 10 55 97 0 47 62 36 46 20 43 59 18 37 48 97 39 86 88 18 51 34 98 89 84 73 19 89 0 52 51 9 47 54 83 
91 90 42 75 76 86 65 85 97 33 80 53 79 69 25 75 43 29 37 14 16 39 59 28 30 2 26 55 84 75 53 38 78 75 99 20 45 61 54 37 4 39 88 84 43 33 59 34 28 33 76 81 61 39 41 84 73 79 34 6 55 
92 41 62 36 68 2 68 58 40 1 92 97 50 46 37 28 22 36 56 23 0 37 99 8 89 6 83 39 29 43 96 70 50 27 19 56 24 56 59 5 10 66 39 38 11 32 14 17 28 69 88 99 42 84 96 17 15 68 82 36 0 
93 72 73 45 81 21 41 97 0 98 59 80 85 52 43 65 73 90 57 63 16 2 81 80 15 29 75 66 40 27 86 78 38 29 7 54 75 55 89 3 1 76 71 70 40 36 46 13 66 53 24 51 41 4 44 66 75 66 90 37 23 
94 26 75 90 28 15 34 95 46 46 6 38 40 69 50 77 50 94 38 56 3 27 34 13 10 64 95 24 27 85 66 47 76 14 39 39 67 28 70 36 74 99 5 62 4 30 37 29 25 68 89 33 82 7 17 36 40 85 97 44 9 
95 37 67 17 2 31 64 68 12 70 71 49 17 77 32 2 39 51 69 12 13 11 89 41 58 86 1 1 2 61 9 57 50 95 32 90 88 23 28 85 84 97 55 32 32 29 1 27 68 96 87 71 97 34 92 52 4 78 57 35 36 
96 47 1 80 68 97 46 64 39 32 3 54 60 20 81 91 99 91 8 5 93 1 7 16 29 73 62 26 88 6 88 64 58 15 39 92 13 1 64 52 99 19 48 43 18 10 10 23 94 3 78 34 68 21 98 19 46 85 15 14 0 
97 29 57 81 81 4 68 54 2 66 28 0 3 1 44 10 36 10 38 20 10 53 36 63 2 3 59 43 72 87 59 31 28 71 75 59 2 39 7 44 74 42 17 71 85 13 66 23 75 24 93 61 33 87 72 55 59 34 22 73 6 
98 67 54 4 51 95 56 81 68 11 49 59 28 58 25 85 34 31 48 66 73 54 96 17 97 52 22 58 87 46 52 77 48 67 27 49 77 86 31 90 68 82 55 36 88 77 54 0 70 60 38 88 16 11 22 51 61 94 85 73 65 
99 17 43 6 77 55 10 67 86 49 14 44 13 63 66 73 53 66 50 78 89 22 67 75 59 45 62 64 2 44 57 42 16 23 27 74 53 19 30 40 85 62 56 9 30 38 74 29 72 69 23 65 95 64 51 44 96 58 75 16 32 
100 77 38 96 81 76 18 9 10 28 23 30 42 97 97 12 54 7 28 83 21 9 35 66 72 67 97 46 2 67 25 68 12 9 3 57 33 23 55 66 93 75 29 65 36 7 86 41 10 83 52 88 74 52 11 2 59 41 0 0 62 
