1 92 48 67 52 10 70 92 35 29 70 88 63 52 1 20 76 66 97 47 0 38 48 55 39 32 9 99 5 93 91 25 34 78 34 34 51 15 44 19 66 32 20 75 68 16 4 52 46 40 44 74 47 43 58 34 26 82 49 39 80 
2 76 79 27 27 9 61 17 47 4 93 72 24 4 13 36 1 91 9 25 12 34 84 8 47 46 6 82 70 76 30 72 14 34 89 29 52 12 87 47 70 25 38 9 37 42 52 31 87 69 5 61 33 69 74 86 67 41 53 23 45 
3 12 76 47 75 23 49 22 53 3 9 43 21 56 53 38 99 1 58 89 41 69 69 12 27 65 97 29 84 3 13 51 10 63 50 65 42 94 74 87 36 83 44 89 45 22 12 77 17 41 49 75 64 58 78 14 10 63 79 34 62 
4 67 69 32 73 48 99 49 18 97 42 95 41 92 43 81 53 74 23 37 24 8 24 96 39 29 0 10 86 81 33 6 83 42 35 9 69 69 41 37 8 11 44 79 5 95 16 48 44 53 34 94 65 9 2 57 18 22 93 83 32 
5 73 51 40 16 65 40 52 78 8 19 12 28 8 4 93 35 33 5 83 35 86 12 52 96 19 24 26 14 60 58 77 47 16 95 53 17 80 36 27 78 64 94 18 64 58 79 16 84 95 99 59 74 90 88 66 91 65 27 97 88 
6 47 90 81 53 47 23 86 46 65 75 20 29 92 69 35 70 66 63 99 72 5 36 51 58 96 28 3 45 65 80 74 71 62 23 56 71 59 75 87 3 55 45 72 65 85 83 14 47 33 55 66 63 5 18 97 44 85 65 51 18 
7 96 97 24 1 96 75 40 83 68 84 59 46 5 14 45 1 2 19 95 46 64 29 82 25 48 89 81 26 51 31 35 33 85 34 48 38 42 10 90 37 6 73 94 34 71 22 84 29 90 27 22 61 53 10 36 83 44 85 68 15 
8 27 62 1 79 50 1 27 3 10 52 96 54 40 17 92 33 81 12 9 18 38 94 88 18 40 98 95 22 93 43 64 95 10 57 30 14 86 92 46 53 17 72 38 30 81 71 58 31 15 91 4 55 45 85 84 27 10 79 98 14 
9 17 88 94 0 53 73 73 50 4 58 55 62 73 40 81 7 28 0 98 95 83 12 53 54 79 59 53 30 19 16 58 37 63 26 42 65 58 56 77 42 88 87 68 58 74 36 36 98 98 10 35 64 63 41 78 92 69 93 52 41 
10 90 16 95 63 27 74 27 22 11 11 68 14 29 65 1 2 30 67 93 32 70 26 84 69 87 70 30 4 34 8 18 58 81 17 87 69 73 40 65 95 58 68 93 97 59 35 18 52 38 96 62 27 22 11 48 0 56 99 54 6 
11 48 6 86 14 17 97 73 35 58 98 11 32 84 59 44 89 96 80 91 55 53 85 1 83 91 9 35 58 53 59 74 54 61 69 88 61 21 49 16 65 77 53 39 97 38 72 1 29 62 48 95 39 53 8 56 15 36 48 3 89 
12 16 82 37 5 18 36 97 4 91 5 38 29 84 32 82 6 92 65 25 7 26 28 24 40 49 88 64 30 39 17 66 9 28 65 46 53 19 90 47 88 15 96 38 71 75 33 41 66 13 70 7 77 87 51 84 51 90 27 99 92 
13 61 79 93 46 76 70 66 56 24 53 20 88 77 26 8 56 28 87 63 31 81 3 92 41 76 5 31 35 65 33 64 52 87 36 77 74 9 85 54 70 21 91 44 42 58 58 51 5 72 72 49 69 56 0 85 28 25 56 56 17 
14 92 45 86 92 49 48 5 28 18 46 34 93 15 82 96 50 20 44 44 87 96 51 18 88 21 28 47 82 46 24 91 84 48 41 23 37 80 59 29 98 98 94 4 40 94 2 76 0 4 91 44 1 1 96 51 15 28 13 53 83 
15 87 82 82 56 96 53 60 22 98 33 29 19 49 61 30 96 46 98 38 81 91 25 67 70 76 60 91 61 0 78 15 88 64 98 71 66 80 3 14 1 88 5 16 4 28 12 5 28 3 55 68 68 77 10 58 67 24 91 1 60 
16 91 39 97 57 87 52 26 45 22 70 84 79 32 69 20 35 41 38 75 32 70 27 54 72 63 38 81 73 73 49 43 11 51 63 75 19 53 36 36 1 68 36 28 26 97 48 79 44 47 93 27 99 4 96 61 41 8 96 51 3 
17 92 53 0 94 91 93 73 77 46 15 1 91 76 16 62 39 31 40 11 83 7 46 18 63 96 76 50 79 63 89 48 81 61 32 75 92 74 73 25 4 6 94 19 74 44 63 15 20 43 95 82 77 54 89 59 40 91 22 25 93 
18 24 68 81 24 97 59 64 8 58 91 71 61 62 78 26 40 11 58 76 32 32 28 66 38 3 86 75 78 77 38 16 98 32 37 19 47 31 23 60 81 90 87 79 60 27 54 63 28 98 51 38 72 17 84 24 70 86 89 80 24 
19 4 46 77 80 87 80 86 21 11 97 4 18 69 65 85 52 41 33 70 35 74 21 44 62 42 7 25 78 14 4 26 65 79 94 61 76 80 11 49 26 21 78 23 38 17 85 98 50 25 62 26 98 2 67 11 1 16 13 76 77 
20 62 22 7 89 11 22 84 91 48 30 97 44 24 46 52 83 65 39 66 44 51 72 32 37 62 93 60 41 22 25 60 62 60 3 63 28 10 48 49 49 88 72 17 44 74 83 44 70 19 1 69 19 76 77 82 79 71 1 82 11 
21 74 21 68 69 30 71 27 41 93 0 0 83 16 16 1 59 36 25 43 57 79 57 0 38 93 0 18 11 13 51 70 15 6 48 53 79 79 87 44 65 24 81 44 29 38 64 43 38 69 71 33 69 73 80 60 14 71 32 0 17 
22 86 41 74 7 43 25 44 21 50 60 69 76 64 70 34 42 84 47 65 56 16 23 39 78 52 43 23 91 23 45 72 47 66 12 18 66 84 41 15 99 34 93 64 50 21 90 85 3 59 94 15 86 57 89 87 58 73 66 81 51 
23 60 37 66 13 14 72 45 62 21 3 32 6 19 1 40 90 49 26 74 0 88 8 43 86 8 5 73 99 93 74 74 80 24 58 59 53 13 23 71 17 81 79 26 82 40 89 35 19 19 97 25 42 73 73 45 39 18 44 29 2 
24 38 97 42 93 12 73 35 97 62 0 89 5 38 95 89 26 41 28 37 95 97 64 41 14 18 69 55 27 83 64 0 13 56 10 81 76 76 45 60 17 39 52 82 6 85 65 21 97 29 2 62 21 25 13 61 76 10 6 39 24 
25 24 75 23 68 13 84 14 6 15 3 8 82 32 63 42 43 81 43 15 73 88 38 3 65 96 39 19 17 43 9 13 3 46 55 39 63 96 55 13 19 15 17 16 3 18 46 30 25 36 56 79 18 46 87 60 60 11 69 96 24 
26 7 25 17 32 94 9 25 88 36 93 53 39 56 13 17 79 25 81 15 70 71 53 95 67 89 92 61 61 11 99 0 8 0 35 28 46 43 29 74 47 75 75 73 49 56 74 56 80 12 82 16 68 37 42 74 5 68 4 67 10 
27 55 72 38 81 46 97 5 54 60 62 71 55 74 50 85 26 17 65 5 63 10 88 80 19 46 37 79 99 67 30 38 39 24 7 95 39 7 69 66 41 53 28 76 39 35 34 14 98 59 80 96 30 93 10 49 27 10 88 42 45 
28 98 5 28 37 23 62 2 94 12 71 84 88 42 34 24 4 38 66 49 57 31 34 83 41 21 4 22 94 65 90 66 50 51 13 36 36 12 62 39 44 63 1 89 2 92 14 79 56 26 52 11 69 16 6 98 4 14 53 10 36 
29 10 22 52 46 74 1 10 15 83 84 81 10 89 94 44 89 44 15 88 88 58 39 27 27 85 44 67 8 85 13 17 17 34 12 74 55 21 2 24 98 14 7 10 58 73 19 99 53 89 19 4 95 33 24 18 63 80 65 20 95 
30 35 13 97 33 36 80 27 70 16 0 0 69 14 1 99 97 25 17 28 63 98 32 73 33 56 14 46 92 55 90 89 89 2 52 27 49 42 78 48 79 8 72 1 99 37 27 15 68 50 84 14 68 12 75 95 36 0 26 21 27 
31 75 91 17 84 86 4 97 67 41 33 15 18 8 76 5 7 67 83 14 57 18 1 53 10 58 10 97 90 77 56 8 68 88 49 51 93 80 56 2 43 70 45 99 81 72 7 78 27 23 62 60 57 61 86 69 41 62 62 81 8 
32 29 76 70 37 18 15 18 96 24 14 82 32 24 72 52 45 88 65 0 50 16 91 19 51 32 49 14 57 81 74 34 16 0 34 80 71 54 11 75 30 58 6 96 14 90 43 93 64 5 52 28 41 46 8 87 33 38 51 71 14 
33 84 48 5 27 66 19 41 53 73 97 49 52 93 87 66 85 25 56 56 9 51 56 39 76 61 29 89 92 67 65 45 65 94 92 32 37 56 85 83 46 29 34 68 92 44 99 23 95 26 59 59 4 54 69 39 84 43 48 37 83 
34 58 24 59 24 81 32 1 81 85 17 94 54 27 90 54 58 19 48 12 72 98 12 88 39 66 7 23 30 11 31 17 84 83 94 87 38 67 47 38 58 47 96 41 0 74 54 59 76 16 20 6 88 37 77 70 52 32 41 64 73 
35 35 66 16 13 0 24 42 71 25 28 28 11 80 68 75 40 20 41 61 98 80 63 97 48 75 52 4 37 12 18 37 70 62 97 48 24 52 85 77 33 2 89 54 49 79 60 64 43 65 5 47 59 8 0 31 26 3 67 35 90 
36 4 48 58 77 16 30 17 64 47 15 41 25 72 62 34 9 88 0 37 17 38 89 55 50 17 27 63 84 16 44 11 52 62 57 71 12 36 42 92 43 29 75 60 54 71 11 1 1 64 57 37 16 1 57 23 70 39 64 47 97 
37 68 25 86 46 74 56 6 10 5 49 25 18 23 80 6 37 77 4 67 82 11 33 90 40 53 29 71 29 55 91 7 72 88 44 5 22 16 95 25 29 85 79 7 10 42 35 60 72 28 7 96 72 88 8 11 80 14 68 81 38 
38 50 95 48 73 74 72 4 60 73 85 80 97 22 93 7 8 12 72 14 19 60 13 40 57 85 54 18 45 27 6 67 26 94 81 90 44 20 47 61 21 60 79 1 69 69 74 8 66 7 29 87 99 24 96 69 1 11 58 49 8 
39 48 50 41 77 0 51 57 51 62 33 49 46 9 36 76 27 29 43 37 47 73 70 14 0 18 67 55 41 46 45 3 19 22 55 84 1 70 61 96 67 12 15 21 47 1 81 47 8 17 64 43 26 96 82 6 38 42 93 76 94 
40 16 6 34 14 31 99 81 23 59 73 55 5 64 8 65 64 43 22 47 69 68 90 88 77 18 19 42 99 59 58 43 63 3 25 93 66 1 25 75 78 40 98 53 90 91 33 25 24 10 62 16 48 0 50 94 22 47 55 31 24 
41 86 66 93 25 41 51 50 89 33 22 65 10 76 71 93 25 28 16 97 65 60 78 45 91 35 98 31 83 77 43 96 40 1 91 95 48 67 16 63 8 53 18 82 49 48 25 5 96 36 40 49 47 96 10 61 2 14 28 87 75 
42 53 78 36 95 14 5 18 54 56 30 98 73 19 75 89 23 72 36 16 60 23 92 51 99 75 76 31 33 60 84 23 0 26 62 85 53 25 87 56 45 10 37 52 4 72 97 63 79 87 41 50 12 98 3 26 73 35 12 32 61 
43 82 9 0 30 1 81 8 39 27 77 41 30 66 67 26 98 91 65 98 94 97 53 35 90 37 4 94 45 23 56 64 48 55 59 46 35 39 99 96 1 37 78 46 98 20 40 50 35 99 27 44 0 58 47 91 96 48 74 87 95 
44 36 42 87 30 26 64 87 94 26 41 76 45 53 62 8 10 55 84 65 96 33 57 13 43 36 0 52 82 20 14 51 12 10 28 33 69 36 22 19 56 52 87 18 94 32 39 61 11 20 34 21 20 57 17 45 48 61 53 40 42 
45 91 2 97 43 51 94 39 68 61 0 41 98 47 76 5 40 6 90 75 94 67 48 22 73 63 50 70 76 57 96 73 1 19 83 20 41 90 7 21 24 81 74 17 11 21 48 43 37 70 99 45 60 41 32 81 94 66 13 64 48 
46 61 92 50 17 51 53 72 13 51 1 91 53 99 74 19 0 44 14 71 4 45 18 70 1 13 30 65 7 84 31 14 98 64 45 18 27 25 50 36 92 80 26 3 19 98 0 16 30 91 69 96 23 13 6 0 55 89 54 7 3 
47 77 75 66 99 42 68 37 64 58 39 22 63 83 37 3 13 70 39 59 88 68 94 65 36 88 58 16 25 82 9 65 84 55 1 24 2 42 74 40 88 47 22 1 67 64 44 89 71 93 15 53 26 86 87 76 96 54 41 25 54 
48 2 64 40 25 87 17 2 14 87 69 27 58 4 56 0 61 88 53 59 8 21 27 44 2 34 43 27 43 53 19 48 31 75 47 67 18 67 89 49 95 31 53 13 53 58 1 9 75 9 15 4 66 58 18 88 32 73 9 20 12 
49 98 24 55 82 77 41 6 92 79 79 63 47 31 7 98 94 22 78 31 40 9 4 87 90 94 76 55 5 54 23 10 15 24 13 37 99 13 53 49 42 2 98 18 5 55 92 58 82 47 77 75 69 40 37 63 38 41 53 6 0 
50 87 78 15 72 95 54 20 20 27 45 79 24 9 49 35 85 83 97 24 65 58 88 0 7 16 16 80 39 3 10 65 37 89 61 46 56 37 79 69 15 76 50 80 94 10 53 43 79 49 76 23 22 57 13 37 97 8 89 53 24 
51 57 83 2 26 89 5 89 63 88 72 77 54 42 28 90 28 10 56 38 34 42 63 38 11 11 20 58 77 68 4 66 20 48 60 30 9 40 50 12 28 7 12 97 14 7 75 16 58 62 57 58 20 46 59 63 2 56 98 41 30 
52 34 63 64 62 60 15 61 8 80 29 2 14 67 2 68 5 12 17 34 90 21 80 39 95 27 47 6 76 3 68 39 64 95 95 94 0 10 42 32 45 49 73 42 84 95 35 29 87 6 29 93 12 55 64 72 22 54 45 12 80 
53 60 9 86 35 98 57 83 22 99 8 42 44 41 46 66 97 75 5 91 5 76 91 4 95 0 96 12 29 28 10 97 44 93 89 65 91 81 35 18 42 67 17 87 0 40 80 88 82 75 44 86 52 45 53 73 91 7 78 89 54 
54 88 77 92 10 42 90 16 19 87 99 80 3 67 29 24 72 41 3 37 78 31 27 99 51 27 4 73 12 82 89 75 19 64 21 20 4 97 48 56 36 62 91 81 8 63 60 86 80 69 89 51 1 89 14 94 87 7 55 39 39 
55 6 99 94 75 5 54 62 39 87 2 97 45 84 48 93 78 12 50 31 78 82 49 66 42 71 43 73 77 32 71 81 64 5 84 64 66 41 59 79 65 99 52 99 71 37 79 41 92 96 36 59 33 33 66 68 92 46 44 12 39 
56 32 80 84 94 33 54 59 66 46 32 34 52 57 66 36 38 74 84 71 67 63 53 80 75 77 6 97 36 31 42 53 83 39 41 67 19 84 61 63 99 50 85 90 18 86 47 89 4 4 68 48 41 34 55 89 87 57 7 27 42 
57 14 30 10 85 73 17 34 96 78 35 37 28 65 77 88 42 88 76 79 95 27 19 69 2 85 71 56 12 13 90 3 15 68 21 4 61 77 75 36 53 94 30 32 79 73 23 9 6 7 3 24 84 84 62 36 72 27 0 19 86 
58 79 20 2 41 23 41 87 50 58 17 12 29 54 87 79 49 5 51 96 33 14 15 62 10 68 86 62 21 79 50 36 35 65 37 34 93 6 59 55 63 20 20 78 0 32 16 89 3 54 86 47 19 47 92 56 6 44 35 31 2 
59 28 62 81 76 8 62 10 45 98 78 63 53 77 2 46 64 33 18 85 71 3 5 23 85 42 61 22 53 67 27 43 66 3 15 82 93 49 24 61 6 82 6 23 54 27 71 38 9 89 64 53 37 10 60 15 42 53 75 48 85 
60 87 31 74 77 92 16 69 23 33 98 55 32 16 7 82 25 31 91 56 79 88 51 0 36 13 12 21 75 31 73 51 73 81 93 81 52 81 14 59 52 1 43 7 85 77 24 64 84 47 94 41 74 51 90 45 36 75 85 89 89 
61 87 23 96 84 50 45 78 65 52 23 23 29 9 39 37 49 13 29 57 56 67 68 57 2 73 83 4 76 97 62 26 82 54 91 39 39 75 45 76 39 98 75 18 55 70 23 19 32 85 34 53 12 4 52 33 8 23 22 28 55 
62 82 78 65 62 4 9 10 85 96 72 76 46 45 28 79 80 55 84 2 97 36 4 35 95 74 16 27 70 83 45 7 18 20 57 15 95 66 81 53 18 2 7 48 8 23 24 93 34 40 46 20 49 72 24 6 57 94 16 44 55 
63 78 12 5 7 12 34 38 31 40 46 92 48 75 66 3 68 82 63 43 44 5 73 25 82 40 49 89 18 39 85 29 99 75 8 64 29 94 2 93 4 9 31 14 5 8 68 66 4 66 59 73 8 71 8 25 94 36 71 9 50 
64 66 16 58 80 82 64 76 52 99 80 46 7 61 64 29 47 41 16 99 37 24 94 57 80 51 90 14 51 44 73 58 62 15 18 92 62 20 38 13 94 32 92 66 8 90 63 49 67 37 12 80 91 53 24 75 71 17 92 30 23 
65 77 19 44 80 12 78 34 78 65 73 74 43 52 25 58 63 11 72 62 82 44 27 87 92 49 28 66 30 38 39 86 65 50 0 73 55 94 14 43 58 35 9 99 47 63 3 31 50 98 95 7 15 86 82 29 82 8 56 73 8 
66 27 69 97 51 43 32 94 13 38 95 35 46 24 0 50 72 63 37 15 30 25 1 74 67 27 75 12 32 30 78 51 83 23 5 91 66 33 12 57 86 41 47 77 28 83 49 21 79 81 34 19 74 81 79 21 61 26 19 11 40 
67 33 58 52 73 34 1 39 38 87 46 61 59 48 73 80 9 49 56 11 51 95 38 4 64 17 31 78 81 45 68 52 40 95 43 25 5 52 19 55 98 12 4 68 85 52 53 27 26 86 9 0 41 99 49 0 93 90 76 4 27 
68 91 39 85 91 30 92 95 59 53 32 23 91 16 86 40 19 51 94 60 41 76 21 25 19 16 32 97 35 0 71 83 62 51 48 80 59 26 70 69 78 98 92 50 53 34 10 58 60 14 23 26 1 76 85 41 23 9 51 84 56 
69 91 67 79 80 93 4 98 64 83 6 75 93 34 80 81 91 27 78 95 9 94 56 8 32 29 52 31 39 98 1 58 3 70 32 26 79 60 73 82 21 46 70 34 77 95 7 25 52 64 52 52 31 83 31 22 27 30 50 10 51 
70 12 29 30 94 43 64 54 49 35 47 16 99 29 50 81 65 55 35 29 95 65 81 82 93 85 14 21 4 42 61 6 79 82 58 18 82 8 28 54 58 72 47 45 3 99 27 41 76 82 97 31 12 66 11 40 30 32 30 0 0 
71 58 43 16 81 42 65 18 92 78 55 41 89 80 13 39 97 15 8 42 78 9 50 87 14 51 45 88 81 26 75 95 17 84 92 82 54 13 95 79 9 32 55 42 2 61 66 81 55 49 10 19 70 87 8 2 61 94 60 87 82 
72 58 22 32 81 49 25 18 93 95 14 47 1 80 29 67 84 40 53 94 58 92 17 17 96 18 76 17 31 57 51 50 3 19 34 32 65 82 84 68 11 72 83 27 25 71 79 34 95 20 34 97 90 68 94 75 1 69 58 74 8 
73 56 25 55 68 22 1 79 82 29 73 94 8 65 98 61 78 93 72 60 3 32 11 9 25 80 69 47 38 80 24 89 58 52 35 0 35 97 42 33 6 17 27 20 20 43 49 81 56 69 29 3 52 46 28 34 94 56 7 34 22 
74 15 69 65 15 87 44 14 21 4 47 95 46 37 84 58 86 7 16 73 32 91 39 93 53 20 21 94 56 21 90 7 37 33 33 73 70 27 16 31 60 71 88 70 34 36 52 76 19 55 17 31 1 1 6 8 82 25 2 44 81 
75 91 33 73 59 55 63 55 4 73 55 36 64 81 15 62 31 46 99 89 90 65 0 10 47 15 25 4 51 59 46 47 72 51 91 23 57 4 24 37 51 69 97 16 94 32 18 34 41 87 72 1 91 35 14 11 62 27 81 68 91 
76 58 38 64 72 58 84 52 1 4 50 56 66 19 60 52 52 53 11 61 10 17 7 90 43 78 89 15 77 84 67 4 58 96 93 57 68 55 97 68 43 63 58 21 33 43 76 75 92 33 29 63 17 65 85 12 32 56 50 82 81 
77 20 96 58 92 57 76 23 9 73 55 29 78 84 92 80 23 75 89 12 32 61 3 83 15 91 58 22 34 74 9 83 71 39 15 84 77 8 65 66 31 44 9 37 81 57 15 30 86 52 37 47 95 28 37 33 91 38 71 56 36 
78 32 1 5 11 64 71 1 55 36 29 43 72 49 95 96 95 41 7 88 26 27 35 58 79 76 18 55 49 40 88 9 61 0 23 23 72 20 72 52 88 65 14 93 47 23 91 76 15 72 38 40 5 64 89 20 28 93 28 37 40 
79 91 58 73 88 67 95 15 97 43 33 56 23 55 8 69 11 19 22 57 73 29 43 70 91 41 93 69 87 26 58 50 56 1 39 23 26 40 6 13 93 42 7 77 90 67 92 3 30 65 90 64 89 95 12 41 39 53 67 34 67 
80 32 40 49 13 8 80 91 48 75 61 84 65 18 37 32 51 84 38 47 8 95 53 31 93 92 27 62 83 36 0 78 27 42 16 96 72 80 86 68 31 86 22 45 20 29 20 40 42 33 10 22 94 74 54 44 77 45 8 75 21 
81 53 22 87 93 53 31 38 80 2 28 84 30 13 15 29 78 59 64 56 19 89 84 7 87 0 5 94 27 78 76 69 42 10 27 0 29 70 34 36 23 72 55 64 73 48 97 17 29 0 81 80 31 72 43 17 73 49 30 40 60 
82 21 1 57 46 65 83 54 29 18 36 83 94 53 40 56 16 83 83 28 19 92 9 5 79 44 31 20 70 7 13 83 5 42 18 45 90 77 43 30 80 49 69 63 20 49 9 42 72 39 25 95 89 49 78 31 66 16 82 47 44 
83 67 85 57 20 95 33 47 14 45 50 96 94 96 73 79 6 91 47 12 37 38 23 42 42 15 70 14 88 44 12 65 92 56 2 50 50 92 60 12 98 32 62 52 88 91 30 91 9 57 83 84 90 82 64 82 77 65 74 20 90 
84 26 92 3 86 66 80 91 85 82 66 74 38 91 73 29 99 17 30 70 80 97 50 49 65 76 51 30 29 94 89 81 34 66 94 78 82 56 18 42 87 39 89 18 54 51 7 95 58 36 52 70 16 65 70 3 60 82 58 71 77 
85 43 7 17 89 20 80 15 41 84 86 15 63 79 49 59 24 24 89 19 93 45 42 22 82 74 39 78 35 84 79 83 49 68 67 94 42 29 61 51 75 24 94 88 46 51 7 70 46 49 31 42 24 68 28 57 86 80 62 89 38 
86 16 27 41 39 7 66 22 89 63 73 62 83 55 24 55 10 6 93 56 16 20 11 8 10 88 48 38 94 5 93 17 50 29 9 83 64 36 91 66 94 28 45 35 2 87 19 45 24 83 68 15 18 39 34 6 27 15 76 70 33 
87 49 8 2 42 23 91 71 84 68 44 48 78 11 76 50 35 84 96 66 36 88 12 46 97 84 42 15 35 96 21 36 62 41 46 81 95 18 17 42 69 97 64 84 19 24 53 87 78 72 77 64 41 45 20 7 26 94 72 59 9 
88 16 83 24 45 45 40 45 78 35 36 94 67 53 20 20 27 51 34 43 11 63 77 92 6 49 97 5 91 43 72 34 70 18 26 36 45 11 88 36 80 8 3 13 76 51 66 79 79 38 91 98 51 41 71 82 24 68 81 35 85 
89 53 96 58 63 26 98 7 8 48 13 24 96 91 13 16 93 19 23 61 87 75 19 24 47 83 49 59 24 51 51 14 65 45 10 52 3 97 76 4 81 29 66 36 51 20 65 50 41 98 53 99 81 70 82 79 54 25 14 38 39 
90 13 65 19 31 61 37 49 62 60 34 75 45 7 50 57 55 14 6 86 3 16 19 71 40 16 55 72 55 72 65 14 16 91 0 97 34 51 28 85 2 31 14 64 87 36 33 26 5 67 30 88 84 18 27 91 20 2 95 63 34 
91 61 10 46 26 90 15 84 65 32 14 17 27 10 14 47 80 36 85 46 53 97 78 20 99 4 91 52 26 98 98 57 25 93 5 80 93 78 84 26 59 83 79 1 43 61 63 91 7 73 80 10 16 50 7 41 78 16 38 44 38 
92 85 11 99 30 94 95 52 71 14 15 64 97 59 9 66 92 27 92 79 70 4 38 33 40 58 2 95 90 99 96 21 17 26 61 59 35 63 41 45 92 62 86 88 41 33 88 0 44 72 99 29 36 6 47 35 54 77 8 8 51 
93 83 55 85 45 79 81 30 40 76 84 79 10 73 1 81 24 22 44 97 12 96 76 46 68 21 65 98 17 72 40 47 42 62 83 90 64 8 83 48 89 43 90 65 98 14 75 7 83 79 5 20 14 94 14 75 87 48 3 90 62 
94 51 52 36 8 25 69 67 67 57 13 16 13 68 5 92 45 44 96 30 9 53 80 90 59 82 59 32 10 43 88 51 27 33 68 68 49 35 37 11 40 80 92 15 7 81 31 66 36 47 95 27 66 63 0 41 28 46 42 13 32 
95 36 43 7 60 65 6 27 17 64 7 44 82 34 28 90 75 23 12 94 47 6 82 58 19 93 70 44 4 2 15 56 49 41 73 66 91 56 75 52 4 30 60 34 79 75 15 6 30 59 13 50 61 13 96 96 21 57 65 73 17 
96 56 38 27 41 74 10 22 53 87 59 39 38 13 54 59 20 27 41 41 76 94 22 5 51 48 91 60 60 55 20 96 47 94 99 42 40 68 29 82 68 6 78 4 27 32 81 47 72 6 14 81 51 49 19 28 76 40 4 16 41 
97 75 3 94 25 46 5 96 59 54 7 81 63 7 71 18 82 87 13 95 27 56 20 22 67 44 62 39 12 72 53 45 64 11 31 10 80 66 17 52 30 50 75 1 80 85 89 50 76 4 69 1 77 54 83 93 31 20 76 29 58 
98 75 85 7 86 91 1 1 13 23 74 11 76 33 32 7 62 33 17 21 92 10 41 45 17 22 23 88 70 69 25 69 16 65 81 20 83 13 14 7 44 28 18 62 54 95 94 12 1 34 3 77 18 77 16 56 44 22 4 21 78 
99 32 70 88 2 22 97 93 18 28 93 57 30 61 8 45 22 6 67 81 76 86 22 20 22 98 55 89 88 94 18 32 62 67 32 36 4 3 78 83 43 81 93 15 1 20 28 0 15 19 94 99 90 30 12 88 26 9 7 48 0 
100 19 81 71 17 34 43 22 20 17 81 40 7 35 0 31 91 66 20 46 92 29 87 60 88 36 67 93 47 96 62 36 17 86 74 4 17 51 1 56 64 66 62 95 77 18 47 21 77 49 56 69 71 99 30 77 36 94 70 32 73 
