1 26 67 61 69 63 82 68 56 62 60 40 9 69 15 97 66 26 84 21 65 70 71 22 27 53 11 53 54 83 52 0 3 83 15 19 62 65 70 84 4 8 93 7 84 4 24 50 94 62 41 85 15 54 44 75 44 95 34 42 82 
2 18 89 74 51 5 71 83 81 72 16 49 25 11 33 7 40 56 29 24 52 53 1 73 92 34 21 79 63 49 52 76 48 41 9 7 20 98 39 4 3 36 76 8 89 4 56 40 82 28 3 40 94 6 12 67 38 84 93 45 68 
3 90 94 61 4 51 64 87 76 91 15 65 42 25 70 88 46 51 70 13 51 72 6 44 16 97 2 48 69 18 71 82 41 56 49 27 76 17 99 23 44 99 51 54 38 80 0 88 98 54 46 95 77 45 47 46 54 55 71 11 27 
4 23 47 23 49 43 98 47 81 42 45 31 26 78 83 75 88 72 27 86 8 31 45 42 38 96 26 91 37 34 15 66 47 35 41 61 64 42 65 31 78 60 98 28 36 32 61 2 74 9 61 18 60 81 58 31 55 57 87 39 31 
5 58 82 26 98 48 23 66 53 77 11 75 32 27 26 99 93 16 47 42 61 73 50 8 48 98 40 18 43 20 7 94 46 29 49 81 74 4 1 95 35 80 63 33 39 47 52 51 36 60 25 17 47 22 14 50 72 19 71 89 63 
6 13 4 94 68 45 8 95 0 53 23 31 23 64 4 73 34 61 62 34 74 85 51 71 41 89 53 60 81 82 88 82 12 70 11 94 99 10 81 80 12 31 27 80 37 78 51 73 69 46 58 53 42 9 6 96 15 18 78 95 4 
7 16 36 73 54 44 42 60 12 43 27 56 96 99 26 92 86 72 11 98 98 29 58 3 95 0 68 93 43 23 45 73 48 81 59 16 91 62 43 32 84 18 65 66 47 80 56 23 26 84 6 89 18 26 40 11 51 1 24 77 39 
8 35 15 10 98 18 59 19 78 74 46 50 56 78 58 87 72 6 18 58 2 62 73 79 1 39 2 9 62 8 48 63 77 5 46 20 81 79 53 75 71 45 95 72 86 65 84 60 77 79 26 24 72 99 33 88 2 54 14 58 38 
9 28 99 20 31 76 56 22 80 56 75 84 55 73 22 71 45 87 13 53 90 78 23 91 16 97 18 2 28 69 97 27 1 16 68 35 42 44 5 15 96 33 51 88 12 94 39 26 6 19 17 95 61 39 31 82 98 21 63 35 5 
10 11 67 42 15 11 20 30 57 12 54 10 84 83 29 68 36 65 85 90 2 38 53 13 49 82 81 57 56 94 37 85 92 63 86 40 6 62 13 18 74 84 88 19 7 37 91 29 15 18 43 63 94 17 23 29 72 30 23 0 80 
11 95 25 96 31 65 31 43 6 16 81 74 70 44 91 41 32 71 81 27 18 35 99 48 99 37 0 35 77 46 74 5 18 88 66 39 56 53 67 40 20 85 83 86 25 7 92 64 51 7 97 87 36 90 11 47 32 68 45 63 1 
12 76 26 80 53 2 94 72 33 53 72 85 69 23 48 89 34 97 19 14 9 32 45 37 10 67 86 96 67 5 86 70 99 10 13 82 25 34 0 5 4 16 56 70 53 17 17 55 29 88 85 81 62 69 80 72 52 33 13 70 36 
13 13 6 37 8 49 49 51 23 97 94 47 0 24 45 94 14 43 96 98 48 58 7 96 10 86 23 69 15 86 93 50 1 88 71 88 63 44 50 90 28 29 59 68 70 20 24 14 95 3 43 92 92 77 67 24 90 81 72 61 78 
14 42 98 79 82 94 4 30 48 79 11 40 94 94 86 73 24 46 30 17 91 98 79 32 26 98 44 30 84 25 62 25 18 8 69 13 11 9 22 82 41 78 28 47 5 36 53 1 67 63 64 0 82 16 47 16 62 69 49 95 31 
15 17 36 12 23 57 87 65 97 77 77 92 95 87 94 1 48 4 51 55 4 52 42 89 20 29 0 75 3 34 91 93 60 86 54 45 1 21 73 43 22 89 44 65 8 12 36 38 42 17 70 50 79 15 47 8 38 79 9 11 64 
16 67 24 57 99 28 28 14 43 94 92 73 22 7 54 68 55 91 79 61 18 36 84 56 70 78 53 72 10 16 33 63 23 75 74 47 14 38 49 54 38 86 51 39 10 7 57 33 15 65 55 16 45 65 39 13 30 80 75 29 98 
17 65 56 19 65 77 28 80 22 71 51 43 43 53 5 25 48 54 59 10 71 79 39 29 36 43 59 60 33 67 89 85 69 10 10 98 71 8 60 16 16 79 6 82 17 99 37 38 51 81 93 87 76 97 7 51 57 63 9 73 39 
18 14 75 57 35 80 21 36 79 96 44 67 23 8 92 41 4 9 69 19 67 10 94 48 37 5 25 11 96 11 91 62 0 38 14 99 76 97 22 2 48 45 50 78 16 58 69 42 59 87 23 21 1 6 94 54 50 69 28 87 51 
19 21 8 46 90 11 35 5 96 77 6 98 35 81 22 20 28 3 88 48 50 68 12 60 14 71 12 30 42 19 68 82 6 43 27 60 58 7 94 26 83 7 98 21 2 94 56 43 81 69 98 25 18 92 29 63 47 87 11 20 81 
20 6 12 83 95 24 19 12 28 77 19 49 36 89 27 47 14 55 68 68 35 23 25 88 89 86 76 93 35 38 84 30 18 0 70 83 95 94 49 56 67 62 20 85 60 36 95 0 0 13 71 81 48 68 13 88 27 1 8 31 84 
21 1 53 1 46 50 52 59 82 33 12 43 11 71 43 75 82 85 5 42 4 62 84 63 70 53 50 74 5 10 51 45 4 25 71 97 45 33 90 21 10 67 8 29 6 23 85 73 4 34 52 71 81 90 51 94 1 44 59 13 3 
22 68 59 54 5 23 85 92 72 10 43 94 81 9 18 43 2 99 49 48 81 7 43 33 87 34 84 9 74 88 79 3 45 10 27 5 46 40 90 72 25 13 93 95 58 21 15 82 84 56 34 76 2 80 5 88 55 77 23 81 84 
23 66 30 53 49 9 52 56 11 81 3 94 86 47 69 2 59 97 7 70 3 59 11 46 66 43 66 98 48 12 60 81 25 50 84 3 40 74 66 64 31 4 87 30 37 16 65 43 4 62 11 42 27 81 17 70 46 26 70 57 31 
24 27 69 22 80 72 77 82 42 16 57 16 86 27 43 67 30 6 33 85 15 10 32 30 41 37 19 55 33 40 4 60 41 37 65 63 35 51 5 90 62 97 79 76 38 17 70 91 97 73 23 65 19 39 28 13 6 66 0 43 71 
25 45 47 22 34 40 85 78 40 93 45 50 95 73 88 36 50 95 36 31 49 66 5 78 62 23 24 17 52 15 38 28 72 75 61 89 33 85 81 97 36 47 87 44 81 33 28 9 77 60 94 87 15 13 27 31 8 94 31 90 32 
26 6 54 26 44 58 20 29 33 99 72 19 13 53 84 25 13 35 50 67 96 25 15 72 46 56 50 16 39 0 37 87 5 50 95 15 60 36 67 17 47 14 85 70 18 51 80 72 18 97 50 41 17 73 24 45 6 32 84 42 81 
27 49 11 85 1 41 36 94 14 13 74 30 69 9 16 14 95 1 48 45 37 49 10 87 43 6 31 60 94 54 54 2 42 21 3 87 12 16 64 36 23 6 78 42 55 46 75 94 22 17 44 88 26 19 61 62 65 92 9 65 13 
28 3 60 86 75 77 51 82 5 10 61 9 95 87 47 39 12 21 40 45 3 56 87 64 10 12 89 16 8 89 29 93 49 12 23 46 3 68 65 89 31 28 93 3 46 92 85 13 8 67 36 49 56 67 25 91 79 46 48 33 57 
29 59 44 53 47 7 71 62 10 13 2 92 91 32 51 45 74 94 36 5 13 37 74 7 48 85 69 87 30 55 42 78 40 71 66 5 20 29 54 73 61 38 51 91 23 1 39 14 90 14 87 82 39 92 99 73 34 68 23 55 30 
30 13 38 32 42 81 57 31 30 20 60 96 18 60 93 49 60 51 79 19 44 94 49 58 72 56 68 69 41 61 73 15 9 52 8 26 88 85 52 73 13 7 92 20 65 89 51 94 81 68 87 45 78 67 11 67 20 13 46 33 98 
31 77 0 44 17 92 92 49 55 4 78 6 13 31 42 51 76 31 58 64 25 70 60 26 55 5 44 35 21 73 78 46 31 12 80 3 27 68 37 90 3 57 34 66 21 92 57 14 29 29 90 83 47 36 41 72 9 61 6 77 11 
32 14 24 0 92 24 51 68 73 7 62 81 39 19 70 63 75 38 23 91 59 44 74 6 33 58 37 69 97 18 70 22 43 99 42 29 65 22 14 77 22 14 16 64 21 71 84 72 31 24 1 0 3 16 67 49 96 74 5 70 82 
33 93 40 91 27 75 58 29 15 27 46 81 85 20 35 84 5 98 75 85 16 54 76 12 15 77 10 21 24 85 19 85 59 96 56 27 2 71 61 74 65 10 67 75 7 82 12 38 91 16 8 31 53 47 72 68 94 85 51 8 4 
34 85 63 43 60 40 46 92 14 61 17 39 1 94 6 58 72 99 49 76 47 5 8 26 32 1 99 69 93 44 8 8 65 25 61 0 64 81 29 97 54 45 91 3 86 28 34 1 36 2 45 40 88 99 80 87 25 19 43 96 11 
35 89 51 92 66 39 33 95 13 97 63 86 74 78 7 60 33 76 80 27 51 80 87 59 8 74 75 25 12 17 49 51 29 33 2 26 16 21 0 13 8 58 55 42 7 83 24 22 34 85 4 69 67 71 4 60 85 92 1 78 53 
36 85 14 18 59 8 89 93 23 61 69 84 8 22 49 0 50 30 24 90 7 34 75 21 26 35 67 18 85 23 15 84 63 8 47 21 61 27 57 85 96 4 73 10 50 7 51 72 41 7 20 0 99 42 25 22 40 5 74 18 26 
37 17 9 25 15 58 84 49 58 17 67 57 1 38 18 87 58 72 63 19 39 27 38 2 49 30 76 37 60 82 97 28 27 78 64 94 60 69 29 92 23 36 81 43 57 18 89 49 81 54 74 23 46 84 15 10 73 0 52 85 68 
38 41 47 43 58 36 37 67 22 58 63 93 36 49 7 34 56 55 71 20 56 75 35 8 6 43 96 45 76 27 98 37 97 91 49 58 35 94 71 42 66 95 18 97 74 53 72 32 93 38 10 44 80 55 30 14 39 8 32 71 90 
39 22 86 28 29 1 84 11 54 54 49 69 68 2 1 44 23 53 65 14 0 22 96 80 36 51 40 77 55 63 44 93 69 60 74 88 31 39 21 55 37 13 27 0 8 45 24 79 9 8 43 58 7 28 14 22 84 42 50 80 85 
40 46 79 33 2 78 50 36 14 67 96 39 62 24 81 24 68 83 81 77 41 86 98 84 58 17 58 74 9 97 46 92 52 58 26 86 20 23 47 95 0 2 93 96 44 82 33 70 92 48 71 32 39 28 46 52 75 46 0 24 28 
41 86 91 55 27 34 28 16 63 12 30 75 4 18 54 25 16 98 63 95 74 14 2 94 58 39 5 7 84 92 7 34 57 62 26 6 64 76 73 0 92 14 16 41 70 94 58 46 19 20 86 39 44 99 59 48 53 44 39 44 98 
42 52 8 46 94 63 4 62 59 91 4 85 45 70 6 46 89 57 27 56 61 4 88 62 78 16 47 5 99 50 32 27 72 57 40 61 13 40 80 13 67 68 53 24 5 62 16 67 76 94 89 89 95 2 56 44 66 32 96 94 20 
43 64 82 62 0 35 20 56 12 35 13 21 96 55 91 76 42 9 60 54 90 48 21 49 6 31 45 95 55 68 16 10 70 98 18 86 32 66 63 30 79 63 26 14 43 46 29 59 31 78 76 89 53 38 52 96 63 52 0 22 98 
44 31 20 98 56 56 60 48 92 80 30 46 29 2 81 69 30 6 4 37 81 14 55 10 87 2 63 84 51 39 33 78 6 93 67 61 26 98 35 77 30 15 48 90 35 23 23 38 47 66 79 64 55 51 35 10 64 23 78 55 56 
45 79 19 63 19 7 61 22 65 31 26 67 16 4 85 68 23 66 10 88 1 96 52 40 56 79 94 65 69 95 68 28 13 66 34 65 85 56 18 74 32 83 33 32 30 38 34 12 33 38 58 85 20 99 51 54 17 28 41 6 99 
46 22 80 17 50 21 59 45 56 15 53 54 76 33 85 85 11 24 70 63 14 90 27 69 40 37 76 45 41 58 88 61 38 17 33 93 44 51 74 9 84 49 49 21 81 35 90 74 2 42 16 0 4 46 7 11 73 40 39 57 73 
47 56 97 1 47 33 3 78 92 40 76 30 39 20 77 12 69 22 88 59 59 19 39 88 44 93 80 45 70 83 81 67 27 68 61 34 5 8 53 15 85 92 49 26 56 10 84 74 59 38 72 86 66 0 40 85 12 44 68 89 43 
48 12 61 10 26 1 17 53 23 28 99 7 47 85 62 19 22 83 70 80 42 85 11 95 51 81 10 26 98 19 70 59 48 20 59 38 39 1 66 96 9 27 29 61 93 4 74 6 56 84 87 23 31 78 58 36 22 15 97 32 22 
49 89 65 10 67 51 5 37 57 15 44 71 84 56 24 63 85 0 70 79 18 20 34 45 38 6 67 84 89 34 26 5 82 68 55 68 71 11 39 95 42 19 55 96 92 3 17 38 66 23 38 69 56 77 16 96 17 16 67 95 88 
50 27 33 46 11 12 96 84 31 10 74 84 62 85 41 73 77 50 94 50 34 52 27 51 2 93 45 32 19 97 56 84 18 36 48 63 8 57 84 14 51 66 80 53 36 26 13 82 36 80 38 8 73 88 81 10 9 47 84 81 13 
51 73 51 39 34 33 80 59 83 6 14 24 88 76 96 64 97 10 75 27 78 8 37 21 7 70 87 51 21 66 96 91 28 97 85 30 14 96 77 46 54 22 22 41 73 32 78 38 63 70 31 44 41 84 12 82 96 23 43 40 68 
52 52 2 30 99 39 0 55 24 15 79 21 88 89 82 56 54 99 31 75 26 26 35 69 0 97 82 36 47 80 69 19 28 82 10 68 92 65 31 92 47 8 13 52 32 55 66 11 62 62 1 61 2 14 36 27 30 24 7 59 51 
53 15 4 5 28 89 62 59 5 89 78 49 56 8 20 60 71 22 0 38 13 42 35 38 8 16 36 40 0 85 98 99 25 49 8 34 30 78 24 87 58 75 40 71 85 19 95 29 26 77 72 49 44 21 11 34 59 24 78 11 71 
54 98 15 80 24 58 87 63 24 64 21 50 84 36 98 85 84 3 33 21 73 69 68 67 78 46 62 56 98 31 88 46 2 63 44 85 70 90 52 52 1 59 5 92 93 39 2 15 52 67 80 42 8 30 12 23 98 32 1 33 95 
55 24 23 43 14 56 58 46 79 39 84 17 35 55 69 49 12 48 49 40 71 10 34 30 75 43 47 34 29 37 13 72 36 66 12 71 85 10 28 3 14 35 68 44 52 45 5 61 9 79 31 55 31 3 67 80 54 98 53 6 37 
56 17 38 39 95 29 57 14 95 15 91 32 57 73 56 88 43 11 69 34 16 30 52 77 49 20 38 40 44 95 61 7 40 49 1 53 74 64 15 39 55 46 38 75 98 59 73 57 43 69 5 10 13 87 15 43 59 24 93 92 17 
57 50 92 44 45 47 79 39 7 11 52 82 60 37 21 71 32 20 68 24 62 37 12 87 46 45 83 51 44 64 62 97 89 87 55 50 39 27 8 70 69 2 19 84 97 90 80 41 34 54 7 74 2 4 96 9 32 66 60 36 17 
58 42 57 56 84 96 75 48 11 30 16 24 7 48 9 50 67 55 30 61 29 71 47 45 53 63 56 71 81 48 70 24 82 60 88 63 20 18 44 82 13 79 34 57 42 39 50 93 15 88 14 72 80 73 5 41 50 84 49 46 76 
59 36 66 9 56 78 56 94 52 88 47 3 47 12 6 70 90 28 16 56 3 3 26 98 36 78 39 66 20 72 19 39 83 57 55 15 71 40 84 55 20 14 62 80 35 9 85 67 46 84 58 23 56 37 66 64 15 28 1 94 87 
60 43 71 82 82 35 25 34 33 24 10 97 6 65 30 14 70 98 26 56 13 20 18 66 43 49 72 29 84 98 21 91 31 21 67 48 16 43 83 9 62 1 92 34 57 2 73 85 15 94 1 81 10 99 11 44 19 32 70 83 0 
61 56 61 10 29 59 62 63 13 86 84 68 72 15 85 35 34 21 52 2 30 54 50 1 69 94 21 33 31 37 1 30 15 97 87 74 72 52 75 61 48 99 53 97 89 53 29 30 12 40 16 76 11 75 12 80 40 48 40 12 98 
62 96 93 85 23 31 6 37 35 78 5 51 24 73 71 71 21 80 28 26 82 39 35 43 22 44 1 14 20 17 75 66 0 23 39 5 4 36 54 28 76 51 41 75 40 57 64 13 30 91 42 18 95 4 35 0 4 5 63 36 24 
63 84 7 90 2 97 23 5 72 3 53 19 95 92 99 70 11 50 56 84 70 64 33 43 68 35 90 38 71 53 51 91 77 28 56 13 38 5 68 81 56 8 18 86 82 58 44 67 57 45 46 2 24 32 67 28 29 53 97 84 30 
64 82 54 26 72 93 76 10 19 72 85 21 52 38 31 66 5 90 89 43 21 62 11 56 45 6 87 20 74 77 48 66 14 18 70 6 53 21 85 0 17 63 43 19 52 49 23 57 79 95 70 33 3 3 36 21 26 85 60 17 24 
65 50 22 25 57 16 72 85 40 20 34 46 67 69 22 88 11 47 93 93 8 55 13 64 47 80 26 5 40 21 39 2 53 12 42 63 42 64 47 23 65 91 90 31 93 24 9 81 88 34 77 94 47 8 22 37 81 46 0 80 34 
66 71 48 68 53 71 7 35 65 72 84 74 89 88 22 96 46 31 37 37 80 19 81 86 78 34 43 67 62 55 8 2 1 11 28 17 98 34 91 56 82 82 67 15 64 40 63 83 56 85 52 81 66 59 61 76 26 56 13 98 56 
67 25 74 22 68 55 91 63 25 29 24 40 15 13 44 53 49 14 86 79 17 10 78 58 7 72 7 53 73 79 76 52 49 70 68 99 45 80 44 26 40 14 9 96 89 37 82 55 30 80 86 3 95 13 47 58 65 5 76 63 29 
68 30 41 64 40 89 49 76 77 97 51 19 99 47 46 98 22 77 36 54 72 11 6 23 7 17 97 0 36 50 60 67 91 90 99 11 6 38 7 71 38 49 83 75 25 86 38 27 99 15 60 32 70 67 30 70 48 37 97 71 30 
69 73 49 93 47 17 1 42 99 67 6 18 7 22 63 63 86 1 36 72 80 26 88 60 21 35 7 11 76 50 97 92 37 40 65 35 91 18 93 57 16 45 42 74 52 72 20 67 24 94 36 47 44 93 15 92 81 9 80 77 76 
70 59 33 56 52 39 16 76 0 25 72 22 58 26 76 78 18 74 96 3 63 62 84 29 11 46 28 87 41 45 89 46 81 30 61 74 82 75 24 51 80 5 4 99 9 71 68 91 22 98 1 0 37 8 48 40 39 55 98 13 45 
71 67 69 70 24 12 81 65 16 56 83 72 50 3 7 72 54 18 77 29 24 70 50 15 85 14 46 50 40 80 29 19 45 9 15 36 54 45 29 59 25 77 44 31 5 87 34 11 38 10 56 99 3 13 24 97 9 51 29 18 50 
72 99 36 83 74 92 82 78 45 51 21 5 93 14 46 69 21 94 3 38 78 38 65 80 26 78 78 28 22 11 77 42 95 55 29 31 36 47 53 5 90 26 48 89 73 14 91 96 15 97 55 78 78 82 69 34 80 59 27 18 99 
73 38 4 77 54 57 63 46 77 68 44 82 72 40 45 45 94 67 37 17 36 90 10 44 61 52 82 47 90 23 81 99 4 24 16 68 0 2 14 19 57 10 12 35 11 91 58 71 59 87 92 75 38 74 39 27 45 38 39 65 84 
74 90 15 67 88 5 82 59 67 92 79 77 46 0 4 36 91 5 47 7 60 27 68 8 7 36 98 24 98 62 34 43 67 20 49 83 3 18 30 18 36 28 46 84 44 0 72 6 38 50 93 28 99 2 67 15 48 58 74 64 92 
75 4 94 39 40 0 64 96 13 35 96 9 38 8 36 41 49 67 82 34 26 79 24 2 67 73 27 64 67 27 30 8 55 27 17 46 29 82 34 57 92 22 8 63 27 44 78 17 36 28 93 73 79 15 99 33 16 37 33 46 90 
76 36 29 99 34 26 4 30 72 69 93 71 46 9 44 16 56 71 79 78 59 6 89 55 17 2 10 89 26 95 25 75 65 21 34 61 49 14 71 98 2 69 37 19 89 41 27 56 36 6 7 17 11 97 56 70 58 97 33 4 91 
77 95 27 7 44 54 57 36 53 30 93 92 3 77 3 33 40 40 22 86 98 10 95 44 44 3 52 92 57 40 65 35 10 24 70 14 16 91 85 44 29 29 40 20 8 4 5 51 42 77 30 78 69 42 21 1 12 1 53 66 12 
78 49 7 20 9 40 33 82 71 8 68 4 18 3 79 43 70 26 72 81 87 29 1 67 76 53 25 79 45 11 41 96 61 57 8 88 29 43 88 22 28 22 72 35 78 27 69 10 25 53 8 30 64 58 35 6 91 3 61 33 23 
79 78 28 73 85 43 70 60 57 4 39 19 13 45 63 96 6 31 3 72 9 83 62 94 25 61 35 44 35 28 69 14 40 88 92 8 3 20 92 18 39 81 11 35 36 60 27 92 62 50 42 28 19 35 49 53 80 12 41 47 63 
80 94 48 90 7 23 27 64 64 58 19 32 59 11 6 41 61 33 84 17 40 78 71 22 59 71 2 36 40 74 17 38 26 48 34 75 96 49 95 87 46 86 66 24 27 70 35 42 55 4 57 38 67 81 44 1 1 36 11 76 46 
81 33 8 89 66 55 31 26 30 16 67 64 95 7 31 64 95 84 25 24 93 18 89 8 43 37 63 5 37 6 92 77 98 32 40 50 11 37 43 83 74 6 74 29 85 32 11 54 18 92 92 52 79 49 52 33 70 46 95 25 84 
82 82 81 40 83 68 83 47 91 22 33 24 13 40 24 91 31 73 50 81 33 6 13 58 7 44 72 83 78 69 68 31 68 36 41 83 32 98 49 40 94 12 28 41 70 83 23 60 99 4 33 6 74 51 65 25 88 51 90 23 9 
83 60 13 93 33 16 39 57 37 65 13 44 10 52 49 44 3 6 80 62 76 16 93 93 50 32 44 70 20 94 51 0 26 80 49 90 2 58 39 41 43 34 95 76 89 50 91 49 48 50 1 36 42 79 63 54 95 4 7 56 56 
84 74 66 35 54 91 25 59 41 10 23 74 99 27 43 64 25 37 15 91 29 94 50 92 36 8 54 62 81 76 41 81 12 25 72 8 69 87 50 74 35 68 18 59 29 21 10 10 57 93 50 93 63 61 67 23 1 20 41 17 90 
85 65 44 48 83 32 60 2 92 4 56 64 47 19 83 88 29 34 92 68 82 54 61 77 73 83 11 27 72 59 64 58 90 26 75 55 41 22 36 42 38 40 62 80 80 63 49 71 55 31 73 29 60 14 52 63 34 89 50 36 67 
86 18 69 37 82 70 5 69 10 44 58 16 2 67 29 50 75 94 16 33 38 78 74 77 49 4 99 54 75 43 56 22 85 28 7 32 79 27 79 3 65 62 39 98 70 98 14 54 64 35 27 19 7 85 89 57 43 39 61 4 38 
87 0 46 42 75 33 34 35 70 92 48 5 55 76 93 87 67 12 43 39 49 11 43 12 16 13 52 52 32 91 20 93 19 38 55 3 54 56 62 41 46 2 34 16 45 15 32 15 73 62 98 49 32 74 63 43 13 92 21 25 82 
88 22 32 77 16 51 36 35 48 72 94 23 49 95 54 56 29 70 34 46 5 23 4 70 32 29 74 49 61 1 2 92 3 76 32 43 80 89 49 38 9 79 22 86 77 14 43 70 3 80 19 4 35 4 53 2 41 62 31 12 72 
89 3 10 54 48 23 97 68 96 14 43 48 12 85 39 20 42 14 9 2 5 40 5 90 65 44 40 49 62 3 70 71 48 85 1 8 19 95 45 15 63 51 57 30 77 50 9 14 59 18 71 73 12 81 15 96 56 34 96 46 4 
90 40 15 9 23 37 67 99 26 91 57 95 7 19 65 44 49 61 37 78 85 15 45 16 87 34 30 0 74 40 73 24 61 60 92 60 44 34 63 12 95 92 64 48 4 2 58 11 61 71 14 82 1 15 15 82 57 73 86 11 66 
91 21 41 8 43 42 96 27 75 20 43 30 88 67 50 11 89 57 41 93 94 95 49 26 66 5 53 1 51 44 2 55 26 71 91 13 50 40 32 4 12 36 81 83 10 87 28 0 63 63 46 92 13 19 85 77 95 32 30 0 96 
92 23 44 63 24 75 67 57 54 63 92 93 17 78 55 80 56 28 40 36 77 10 35 55 63 25 39 22 13 52 47 96 69 60 51 94 4 72 4 30 82 31 13 77 74 1 4 33 30 50 24 28 4 6 96 51 41 93 93 24 94 
93 74 21 58 95 0 35 99 77 50 72 70 37 61 31 88 96 95 91 55 84 35 0 39 88 91 8 53 97 22 32 5 59 66 77 73 40 78 29 60 53 6 78 72 71 24 98 1 29 43 18 80 61 64 17 55 62 22 32 14 18 
94 43 76 2 53 10 97 71 4 98 46 14 58 5 78 11 40 22 49 51 5 78 42 83 50 29 73 45 37 44 17 39 67 79 79 87 64 94 73 99 79 0 83 34 3 26 67 98 0 79 81 30 87 50 54 29 2 44 15 52 91 
95 26 93 25 74 88 71 58 43 70 81 19 42 65 18 64 43 35 66 49 73 5 34 86 23 0 22 53 69 46 60 64 52 55 16 76 73 82 65 0 66 30 68 91 93 28 78 25 53 99 36 41 75 29 41 52 41 44 6 91 8 
96 49 61 43 95 48 45 95 92 43 91 38 80 39 51 85 4 91 11 35 0 5 10 37 35 4 12 91 63 14 18 1 11 21 34 38 80 67 65 58 62 64 33 14 65 46 24 56 8 58 71 32 18 91 62 83 41 74 84 18 39 
97 31 25 22 4 97 67 86 9 89 30 50 16 60 8 62 86 29 37 8 13 81 72 77 28 76 55 11 29 99 13 62 15 44 53 33 5 7 39 67 30 49 4 57 40 32 66 54 51 54 24 12 89 77 53 80 47 56 11 24 38 
98 48 20 48 40 47 26 90 12 35 58 93 60 86 61 29 73 4 84 31 14 89 79 89 77 43 62 25 70 65 3 58 15 23 25 2 96 54 41 57 73 4 44 47 23 93 51 75 87 44 73 12 31 49 7 7 65 21 29 68 39 
99 63 35 44 98 92 29 65 78 92 23 43 55 29 5 45 46 69 39 10 20 39 63 7 77 33 98 23 83 7 27 12 69 84 47 12 97 70 91 60 55 18 26 65 39 63 30 58 28 36 94 62 36 54 92 58 14 10 40 90 90 
100 16 43 7 80 77 91 25 48 40 57 98 38 46 31 9 25 47 45 30 34 72 13 0 61 89 80 23 25 40 88 74 61 33 20 75 36 19 13 80 78 95 41 71 81 51 84 90 84 22 58 73 92 23 22 82 3 90 30 10 1 
