1 30 97 91 35 32 73 19 52 2 70 36 66 88 22 82 84 57 16 47 65 12 93 88 47 92 21 14 67 65 79 12 12 13 70 7 38 74 50 69 7 98 35 29 89 67 16 38 76 88 94 56 86 84 46 86 40 48 23 94 0 
2 48 67 17 40 17 94 59 45 67 98 32 16 10 61 64 38 9 15 52 59 63 74 12 24 83 28 78 80 61 23 37 6 33 33 59 39 12 91 32 19 99 8 56 92 80 56 66 12 85 39 42 38 69 72 5 3 90 46 45 45 
3 67 98 53 12 7 78 63 80 11 10 55 16 82 46 82 69 61 19 67 24 94 55 82 45 64 42 35 81 87 76 62 32 12 58 46 24 58 35 1 87 32 10 89 31 71 45 35 73 33 11 90 90 19 60 51 49 77 44 11 89 
4 73 53 74 19 98 67 94 25 41 56 92 16 2 31 0 98 41 18 53 6 57 68 15 32 9 50 3 36 85 56 14 44 3 64 57 73 37 38 51 0 16 59 19 97 79 81 59 38 24 29 65 79 9 49 38 57 14 82 34 32 
5 65 12 77 94 98 12 9 55 76 55 23 81 65 72 80 90 42 21 37 31 19 77 34 24 45 70 41 59 35 2 92 71 49 11 20 19 29 49 97 95 6 57 47 61 21 47 70 44 49 33 47 91 79 5 96 45 1 46 50 96 
6 84 36 89 41 14 92 81 72 69 27 93 16 73 73 89 8 18 94 88 41 63 51 6 17 43 33 68 50 19 85 68 69 85 51 5 56 7 23 57 34 62 1 80 43 44 67 15 23 48 54 31 73 88 16 13 65 1 39 78 32 
7 21 78 32 57 66 92 96 84 1 12 23 22 78 11 89 81 25 94 83 16 60 51 35 97 82 68 13 11 88 9 58 5 86 20 6 0 69 6 97 23 79 37 34 57 23 4 46 69 91 91 32 38 75 28 9 53 92 68 49 43 
8 92 48 86 86 32 31 69 78 50 74 54 47 53 85 3 73 62 20 81 57 94 43 28 67 87 43 13 72 39 58 25 15 50 35 50 49 53 97 44 21 80 36 66 90 12 42 25 69 24 26 68 84 30 72 19 91 29 65 47 11 
9 2 93 50 38 12 94 7 40 76 97 37 18 25 4 59 81 14 52 10 43 5 34 32 12 24 52 72 89 74 97 20 22 59 40 34 30 15 55 48 3 25 68 29 5 65 45 77 95 83 43 76 9 40 35 59 8 4 24 36 98 
10 25 61 22 76 77 26 46 54 57 93 96 80 76 73 23 41 96 63 21 18 53 69 61 42 99 51 16 34 82 39 31 44 12 64 69 90 0 8 25 90 81 60 62 60 30 61 55 1 56 65 73 38 8 6 97 31 52 35 77 97 
11 87 61 36 76 28 37 21 2 88 51 63 0 6 81 16 83 48 2 27 36 36 48 34 37 44 83 14 83 26 82 20 92 24 85 9 26 41 35 53 59 83 74 54 34 9 51 37 3 14 88 56 33 87 13 43 86 47 87 63 92 
12 40 82 53 31 70 68 95 99 3 45 65 46 26 27 61 46 60 56 96 86 23 66 60 50 14 38 67 69 25 22 95 75 7 19 39 9 70 19 41 12 19 19 61 91 6 56 87 44 8 66 27 21 8 17 65 43 65 2 95 40 
13 19 15 62 78 19 79 3 3 55 73 45 20 53 43 95 32 23 21 33 11 76 47 15 56 65 9 87 84 94 59 26 49 46 3 20 80 43 76 85 23 33 75 49 72 46 59 92 7 36 46 43 97 41 97 42 88 17 45 17 84 
14 16 71 95 50 14 22 96 76 24 31 45 23 55 93 84 65 72 8 15 50 3 90 90 97 69 15 10 28 24 80 61 74 88 16 14 15 88 52 42 93 40 44 5 0 82 88 8 50 14 12 41 46 53 24 47 37 15 91 43 16 
15 12 66 20 15 6 8 25 38 22 46 51 62 12 31 27 84 56 77 84 12 31 7 69 19 5 61 31 0 92 62 78 98 0 26 71 46 20 86 51 50 38 31 10 36 94 18 65 87 52 19 57 93 79 82 57 93 97 17 10 49 
16 15 34 49 11 85 18 61 31 49 19 66 53 90 74 4 88 50 48 97 47 77 28 59 13 69 95 48 16 45 25 25 8 29 84 37 64 62 93 71 68 10 94 58 54 53 66 33 85 77 70 68 46 72 48 45 35 60 7 63 14 
17 9 36 40 95 46 94 87 62 91 68 42 71 69 81 25 20 76 41 41 25 59 44 71 73 4 46 12 78 72 37 68 85 2 7 32 27 1 95 92 31 64 15 74 91 15 86 25 76 9 51 30 9 91 18 30 41 64 10 47 91 
18 99 8 92 27 25 79 22 68 10 70 84 42 62 53 58 84 16 13 89 31 52 60 95 48 10 21 81 90 72 37 75 60 94 49 60 7 53 72 94 45 51 13 7 15 47 6 45 2 84 36 62 88 56 24 91 34 19 28 16 14 
19 86 42 48 99 23 90 78 30 9 9 55 65 99 52 50 60 72 55 57 9 8 94 57 12 60 64 84 85 3 3 49 68 35 64 11 56 20 73 78 68 39 68 47 39 60 68 29 23 46 61 16 70 48 93 34 7 39 35 69 28 
20 23 52 77 61 96 25 35 74 98 13 14 39 43 15 1 38 86 91 80 61 22 1 75 24 81 30 45 86 29 39 90 28 25 85 2 73 92 77 43 89 43 34 79 71 14 41 64 92 72 32 26 47 15 7 59 96 71 96 52 88 
21 45 42 21 30 81 40 81 55 74 21 15 77 3 70 38 91 29 24 18 84 77 96 56 11 32 21 95 48 80 85 34 18 90 33 88 42 86 72 77 74 9 0 86 51 27 8 71 81 46 18 28 40 77 85 50 34 80 52 21 79 
22 96 87 40 10 89 32 45 43 25 77 65 92 40 44 64 53 59 25 72 53 37 35 87 48 40 39 51 58 75 38 77 83 39 20 78 57 9 11 18 6 95 90 54 81 3 84 19 96 37 88 91 21 58 72 72 54 68 34 6 56 
23 62 58 45 4 44 13 26 76 86 4 51 93 77 48 94 10 70 73 75 19 67 32 6 1 36 4 36 73 12 63 66 48 59 27 0 82 54 45 74 47 87 67 14 68 79 47 75 57 3 99 77 7 99 84 9 5 6 57 28 28 
24 11 90 17 94 7 71 4 81 0 35 94 63 19 24 86 59 64 45 8 94 2 45 58 91 14 29 79 7 84 22 90 54 16 51 42 35 73 99 53 5 13 72 45 30 93 81 44 97 34 4 99 19 78 21 75 31 86 22 96 66 
25 18 11 84 71 69 25 61 65 24 35 40 80 58 86 18 97 41 58 31 17 1 48 2 19 77 44 9 87 34 67 0 73 81 44 75 38 36 88 19 35 61 36 63 27 18 89 35 33 77 61 36 57 59 40 93 88 40 3 88 98 
26 28 24 18 98 84 22 63 5 36 22 25 66 84 67 31 39 68 25 63 97 38 99 60 88 63 28 51 34 66 68 20 43 15 95 0 89 94 64 98 63 62 29 83 67 18 76 60 66 66 3 91 32 76 97 20 95 51 22 43 95 
27 23 80 12 19 86 60 44 94 42 91 0 3 32 74 39 7 74 33 49 35 64 33 92 51 44 26 51 73 37 79 17 60 62 74 5 36 48 67 96 68 24 64 26 75 43 20 45 5 75 61 21 60 81 26 77 70 90 86 9 46 
28 53 53 37 86 45 36 49 25 22 80 43 11 54 50 98 70 3 13 78 11 88 54 92 75 24 36 66 30 20 15 70 36 91 53 95 5 76 32 11 98 31 81 5 44 86 63 61 84 81 76 69 54 89 58 9 84 67 42 49 18 
29 14 32 31 43 0 68 1 81 4 97 77 73 43 80 2 31 22 42 77 6 45 85 93 53 40 66 83 16 37 15 53 61 45 87 68 94 74 89 39 49 40 28 39 24 70 2 94 31 36 47 74 27 6 31 70 57 36 33 59 76 
30 50 68 79 82 20 73 95 65 79 71 33 77 59 21 78 73 76 68 96 59 69 25 84 64 67 57 2 0 89 78 22 20 46 15 75 77 24 87 69 77 24 4 33 36 54 83 74 6 96 91 41 38 95 38 1 6 49 16 81 84 
31 89 99 82 39 70 63 76 73 70 16 67 15 80 3 6 11 40 34 74 42 97 84 54 64 71 13 31 76 17 92 50 28 3 20 5 78 55 50 18 62 86 21 80 41 15 35 75 62 67 1 72 44 24 92 43 64 2 1 49 47 
32 3 84 27 21 20 85 46 13 10 41 14 94 91 60 17 65 50 36 74 18 82 72 77 33 4 45 24 39 64 79 63 18 12 2 55 99 21 57 98 53 51 23 99 22 92 26 53 21 14 64 73 89 71 75 67 85 39 67 43 17 
33 82 48 25 99 63 40 53 3 99 34 17 70 93 53 91 78 42 54 58 60 7 17 36 66 89 68 3 15 42 47 41 44 3 43 76 98 33 78 25 24 69 53 63 86 35 71 51 55 21 44 20 45 5 24 95 22 25 33 91 94 
34 8 94 91 88 39 82 16 21 4 86 50 32 74 59 95 25 52 51 12 81 5 69 88 94 2 50 18 89 46 76 39 23 92 13 77 79 76 44 93 74 95 0 25 82 26 91 34 99 12 34 85 5 68 41 63 81 19 51 76 36 
35 68 93 23 42 16 73 86 8 49 43 99 12 45 39 21 4 78 45 56 88 11 30 29 47 92 75 38 81 55 40 9 8 72 18 68 84 71 30 82 1 38 44 63 18 23 28 74 32 32 76 88 8 21 0 74 72 99 83 89 98 
36 56 60 52 12 13 71 36 25 53 35 70 59 96 88 88 10 68 59 95 60 69 62 58 96 24 83 46 0 75 91 37 39 0 26 22 35 75 13 50 11 72 6 7 10 15 44 58 68 19 86 65 56 40 0 83 76 48 63 33 45 
37 2 57 40 61 97 52 93 37 51 75 10 78 12 23 46 47 11 97 85 88 3 14 79 27 96 12 64 83 77 36 94 17 12 12 68 79 80 1 10 97 27 54 75 68 94 70 82 26 8 69 83 44 57 62 87 69 95 82 12 22 
38 7 42 61 82 88 32 7 82 4 17 44 65 61 9 92 82 37 62 83 70 15 82 74 71 37 98 55 70 78 36 88 95 15 56 3 36 13 22 91 1 77 81 46 25 90 83 84 23 63 27 59 45 3 5 16 49 27 47 80 55 
39 92 67 20 63 48 89 29 23 74 86 41 76 38 83 11 13 61 78 50 91 20 46 79 99 49 16 8 98 67 66 6 46 12 47 8 53 84 66 0 42 4 58 85 25 24 59 61 60 52 51 62 39 73 39 8 42 91 12 85 56 
40 39 31 36 78 3 40 8 39 46 94 87 82 86 30 9 72 75 35 8 60 74 41 86 27 91 30 76 74 50 55 71 3 94 73 81 38 66 11 43 77 88 24 53 71 10 22 44 13 26 31 78 12 20 3 31 45 58 45 36 84 
41 62 9 85 8 12 2 12 84 17 27 30 58 26 82 48 18 38 19 72 79 85 84 76 85 59 60 74 78 27 50 26 42 58 21 99 49 32 82 5 80 70 92 47 15 76 38 40 29 93 98 26 25 60 5 14 93 37 68 73 86 
42 78 28 65 24 98 1 97 26 69 32 81 23 75 47 49 98 63 86 2 46 54 52 55 38 91 72 98 74 16 30 47 15 12 64 87 81 85 55 76 12 2 25 61 11 33 28 59 12 24 68 94 1 90 77 58 15 67 57 90 36 
43 78 58 74 77 59 96 81 58 58 34 36 48 46 84 28 84 90 6 62 2 46 31 82 97 68 66 97 74 32 23 59 90 48 60 78 22 70 95 80 75 97 50 30 68 42 30 9 96 50 37 35 23 11 63 53 73 43 10 49 60 
44 32 13 10 55 80 54 64 35 87 26 72 56 12 26 35 62 77 26 86 92 18 75 46 15 37 91 93 88 7 50 89 11 88 50 74 7 21 25 88 94 73 77 6 72 27 29 26 11 3 44 4 67 63 99 34 70 42 12 23 78 
45 41 63 8 53 95 94 19 42 78 3 45 7 77 71 82 63 74 69 11 23 13 36 90 56 43 93 47 64 39 20 23 49 39 8 40 56 96 91 60 74 36 78 74 9 45 38 14 31 52 59 4 0 40 70 8 67 14 70 74 97 
46 58 25 68 75 76 60 8 11 54 19 30 94 82 82 20 9 89 80 46 99 51 82 48 38 88 23 1 29 82 80 5 60 50 63 25 9 22 74 8 38 46 71 18 69 16 36 80 57 48 92 90 26 37 47 56 14 46 28 72 82 
47 89 50 58 73 61 81 46 76 56 79 13 30 61 77 32 61 5 81 36 97 53 45 40 44 21 5 74 89 55 69 97 32 38 69 28 32 45 48 45 91 0 60 63 22 94 82 96 26 91 3 28 9 35 4 28 60 31 0 0 45 
48 92 63 38 13 4 10 35 57 46 47 60 3 24 99 15 1 15 35 73 96 22 72 12 49 85 37 70 55 96 72 16 50 90 47 47 51 57 23 28 41 76 97 64 88 85 22 72 53 26 25 24 88 94 36 20 5 41 14 26 59 
49 45 81 17 51 77 42 23 10 71 51 18 33 92 33 60 50 1 51 57 4 14 57 81 58 3 78 18 25 40 16 86 85 21 3 53 15 61 44 50 67 10 17 94 16 96 53 8 3 93 95 36 9 57 28 34 11 58 50 74 83 
50 36 88 26 58 86 63 10 60 83 69 29 2 60 71 24 52 9 92 81 23 11 74 17 78 67 3 42 86 50 59 63 26 26 57 76 47 13 18 74 6 46 74 13 58 94 16 91 78 86 21 75 32 86 97 39 50 86 71 96 89 
51 18 50 14 97 7 97 68 14 34 8 40 90 75 82 70 27 2 26 24 82 80 54 12 26 78 22 28 51 91 26 47 5 63 25 14 5 98 62 66 73 71 14 20 33 25 94 46 50 70 53 96 64 22 99 35 72 15 14 23 94 
52 17 29 79 27 52 7 57 53 23 34 40 65 59 31 66 46 77 53 83 32 18 25 29 91 73 30 42 97 92 36 67 76 54 77 61 92 27 4 29 89 62 13 33 92 94 84 81 27 47 47 19 76 7 74 99 48 83 82 66 88 
53 29 88 92 15 0 47 38 73 16 80 31 18 14 29 67 90 84 43 2 20 97 86 57 57 25 26 41 97 63 33 74 33 45 83 10 48 4 78 17 69 7 58 29 0 97 54 91 90 29 62 45 30 34 3 49 28 79 95 65 69 
54 12 94 58 94 13 76 84 53 93 99 3 87 51 44 89 55 9 40 81 79 80 3 53 15 53 92 7 58 98 26 68 82 9 39 59 62 49 98 77 11 29 44 19 53 88 1 71 98 18 17 51 28 26 89 45 90 29 33 56 86 
55 68 95 11 78 16 23 49 19 6 77 54 59 0 31 74 31 61 74 14 3 48 50 93 46 68 20 6 68 79 7 23 27 24 52 23 37 46 47 93 29 85 65 54 6 24 1 41 3 57 93 44 32 82 84 1 49 20 70 62 33 
56 26 0 97 29 28 54 43 43 90 71 52 62 99 78 96 20 91 60 88 90 70 22 15 65 97 70 4 30 92 49 89 28 30 7 25 15 43 53 42 81 49 94 19 4 83 50 29 70 39 78 70 25 65 34 22 54 75 50 59 8 
57 58 8 81 78 51 51 74 61 20 94 31 58 31 86 43 6 87 22 15 11 41 91 83 40 44 65 50 24 65 15 89 14 32 35 47 5 35 43 37 43 71 5 70 20 98 21 15 0 77 52 98 89 80 70 44 1 19 24 29 9 
58 41 74 55 58 11 11 97 46 15 69 89 36 35 91 56 38 20 13 31 88 65 18 73 59 53 65 43 86 22 74 95 35 86 27 12 69 43 40 16 92 73 39 83 35 26 78 64 44 16 91 24 42 2 36 80 86 57 7 31 94 
59 99 93 59 67 59 38 78 58 58 31 86 90 64 57 6 34 0 96 84 60 41 91 6 71 3 72 36 60 40 92 72 51 36 27 75 37 35 59 54 42 65 10 51 20 83 47 92 45 83 97 7 61 15 32 86 34 98 76 26 50 
60 85 29 54 8 35 14 72 31 52 93 57 20 35 44 1 98 1 0 97 30 27 1 88 61 21 12 37 38 99 41 9 33 46 66 35 45 50 66 65 90 80 35 72 28 76 32 34 21 75 85 95 97 42 41 73 0 59 63 61 42 
61 58 85 19 53 52 23 60 89 78 81 70 60 14 37 23 44 41 63 74 3 8 45 95 18 27 15 88 0 21 94 63 75 47 42 66 88 33 73 47 91 34 59 86 48 35 95 82 65 65 47 4 84 19 36 16 85 33 86 29 30 
62 35 60 64 47 93 86 25 51 54 20 96 66 29 44 36 99 15 56 66 65 6 55 29 7 32 73 20 88 47 64 82 25 59 12 18 72 70 24 27 98 1 6 45 97 59 66 48 24 93 21 17 26 41 30 51 94 4 79 96 67 
63 21 23 61 70 90 2 59 9 60 92 9 49 65 90 19 62 14 65 72 58 6 43 8 3 58 23 25 68 21 20 11 74 2 52 23 1 36 73 46 45 16 85 24 5 49 23 68 98 29 42 26 62 54 94 69 90 85 16 56 34 
64 13 31 85 71 69 40 50 24 37 25 87 22 55 95 86 62 27 95 42 56 9 22 66 70 7 83 99 17 44 47 0 77 13 31 50 86 78 88 79 25 21 84 75 13 91 22 74 66 49 76 19 71 20 31 22 42 46 54 15 10 
65 14 13 14 28 52 90 95 51 25 15 90 50 9 72 64 92 80 42 26 54 59 27 68 49 76 72 14 65 45 3 28 63 84 94 31 36 26 27 31 25 93 97 38 34 43 5 6 79 25 35 71 32 52 55 70 47 82 76 20 50 
66 33 57 56 50 46 10 7 31 81 48 86 73 97 91 6 41 4 78 58 50 13 86 67 93 17 96 17 2 4 83 43 92 32 39 57 70 90 99 6 63 50 64 20 85 91 86 9 56 68 90 85 39 53 11 2 27 62 83 2 6 
67 20 28 77 15 25 94 33 5 17 50 35 51 54 51 87 75 69 10 88 94 9 75 83 33 9 15 57 24 92 55 10 93 58 19 36 12 91 95 85 20 15 96 23 14 16 37 4 92 1 77 80 32 8 99 23 52 12 78 60 59 
68 93 96 44 56 10 89 11 75 90 99 79 62 15 24 46 63 58 75 24 2 21 49 59 70 6 58 11 7 68 93 43 49 11 3 16 20 0 29 24 36 34 74 51 92 50 79 2 73 62 99 49 74 88 68 5 2 0 7 52 48 
69 50 91 83 72 17 82 72 86 91 39 28 57 43 69 52 74 24 4 77 96 90 60 94 34 76 90 24 6 18 69 2 39 65 64 61 19 37 65 13 16 50 1 10 86 52 95 92 96 58 30 44 77 68 3 27 19 48 73 18 26 
70 99 21 83 41 6 91 49 64 26 6 97 51 99 41 39 9 62 20 8 84 44 16 63 12 68 1 36 90 60 15 35 87 92 28 56 83 74 18 77 77 85 87 87 42 32 17 35 60 39 92 12 65 61 86 59 83 67 20 72 61 
71 45 69 49 34 62 20 99 14 43 46 70 62 87 18 77 66 90 16 58 74 74 54 42 13 27 67 85 74 84 4 43 25 32 78 70 52 92 81 22 23 48 12 30 99 74 48 15 18 45 8 10 57 0 83 52 55 47 49 3 64 
72 81 68 15 45 31 27 0 93 22 27 65 45 6 59 94 95 15 52 19 15 32 12 63 61 29 33 70 68 41 21 15 49 79 90 33 4 40 86 81 40 75 30 54 40 10 44 44 52 86 11 3 89 59 28 66 89 30 82 62 63 
73 60 53 84 16 34 83 20 50 55 76 25 43 3 21 33 57 23 41 21 0 33 66 36 56 92 94 62 64 48 49 82 57 43 4 43 61 94 71 32 79 25 53 19 75 6 86 89 59 65 28 72 20 90 74 44 42 84 58 66 79 
74 83 65 34 44 69 32 49 80 61 81 29 51 61 65 73 88 33 32 29 55 55 86 72 93 73 79 44 89 38 12 24 40 13 28 94 32 73 3 60 6 32 2 91 52 32 53 3 33 46 4 42 78 95 68 87 78 68 0 97 35 
75 82 62 54 33 17 49 84 92 56 47 23 91 9 8 28 8 98 76 89 8 35 91 28 57 24 44 83 99 16 46 18 13 79 2 11 12 48 94 29 77 59 70 2 99 44 10 97 6 85 61 79 89 32 16 97 56 39 75 75 18 
76 33 38 92 95 24 93 94 34 23 12 29 78 5 59 71 85 25 86 77 50 41 75 81 96 63 43 23 18 3 60 6 70 69 0 55 20 89 63 96 97 82 86 89 94 73 90 15 10 78 15 53 95 99 4 64 23 57 26 58 37 
77 46 96 52 0 22 59 17 71 73 99 9 37 59 30 81 71 34 70 91 68 46 68 5 64 57 47 54 75 45 83 84 41 91 13 27 84 57 47 59 55 56 92 80 61 81 37 86 53 25 33 59 22 94 40 63 28 60 39 43 0 
78 65 88 54 82 90 19 17 2 29 32 40 56 18 74 32 44 43 28 8 38 97 40 99 32 63 23 35 2 59 46 2 61 50 79 23 78 13 56 79 61 2 86 63 7 62 29 0 51 91 59 40 4 86 37 8 91 7 53 70 50 
79 50 52 0 20 62 98 78 48 11 12 67 10 85 6 23 3 19 82 91 97 99 92 67 66 94 57 60 20 99 79 2 42 36 17 17 47 46 60 59 67 86 14 79 14 72 67 33 61 13 27 6 48 88 53 64 83 57 3 23 58 
80 27 85 64 4 39 67 4 24 20 23 12 49 26 11 13 66 64 90 72 14 41 56 34 58 11 4 32 2 12 26 23 6 93 88 83 29 16 0 3 45 89 6 59 69 76 44 12 82 58 93 94 43 50 42 21 67 45 89 70 24 
81 27 50 77 67 49 73 90 17 30 29 67 13 67 41 74 5 49 99 30 91 12 27 83 66 57 76 4 78 14 43 77 89 24 21 30 69 90 44 25 4 7 66 4 49 18 7 42 66 79 4 45 9 89 96 52 92 29 81 25 25 
82 65 68 75 46 98 84 24 73 39 58 2 95 55 91 55 85 19 22 27 66 51 74 96 78 66 52 87 96 55 44 32 9 13 26 66 38 6 75 67 34 7 23 36 94 24 22 41 6 66 87 78 30 57 30 61 55 63 79 58 31 
83 24 8 6 91 50 67 45 31 48 87 47 30 41 80 48 11 93 30 2 89 13 28 86 29 57 54 38 56 23 27 8 98 29 45 8 67 50 67 51 56 17 13 74 58 47 34 92 47 74 65 77 91 37 6 65 11 51 46 13 98 
84 16 93 76 9 19 51 2 75 50 24 40 6 61 63 3 3 44 84 89 38 23 19 50 67 27 19 7 64 90 88 56 6 4 16 58 43 12 92 16 77 50 90 41 22 56 4 5 5 3 79 60 78 80 37 78 23 19 0 22 97 
85 5 1 17 23 56 85 55 31 40 68 20 96 16 24 38 29 64 10 5 21 62 78 83 38 77 72 18 74 22 2 34 90 5 41 0 62 76 77 79 63 36 95 55 84 37 50 44 18 3 0 42 33 13 66 86 21 25 53 99 86 
86 24 45 16 72 69 84 57 14 88 87 36 2 70 17 4 98 60 9 5 83 30 59 60 85 78 35 96 46 89 94 41 24 75 60 38 26 59 95 34 65 88 1 35 17 50 91 60 27 89 7 92 5 3 0 24 55 63 67 8 31 
87 78 97 66 42 57 70 0 86 51 70 28 94 77 64 12 32 50 57 51 37 72 17 93 43 78 41 81 54 22 73 22 68 41 74 72 41 59 28 66 91 53 29 0 27 79 31 35 28 9 71 26 50 34 82 20 68 37 77 66 2 
88 21 30 89 23 13 80 43 68 23 9 60 94 26 93 98 47 88 97 70 77 80 86 24 11 16 91 3 53 73 7 94 54 45 66 68 52 11 54 45 87 11 3 56 8 29 94 13 25 1 11 96 89 53 21 35 57 44 79 18 64 
89 1 41 74 99 16 82 77 18 26 41 88 12 61 24 88 64 89 36 85 4 49 62 82 64 92 14 31 97 51 27 51 72 17 66 99 89 62 36 6 12 51 3 19 66 97 70 87 42 26 99 90 76 20 11 70 93 39 48 82 66 
90 79 8 67 78 55 62 16 50 18 37 73 45 40 48 15 45 20 41 41 85 78 96 10 41 54 76 77 37 79 43 86 4 12 65 92 88 21 52 8 10 57 64 28 75 73 19 23 82 0 14 84 43 91 9 6 13 72 52 23 7 
91 29 75 22 26 49 55 3 83 36 78 92 27 12 25 90 15 52 15 61 32 1 89 56 95 77 57 56 71 34 22 77 69 52 36 80 94 58 46 68 12 5 90 52 42 29 29 7 40 12 32 68 52 72 8 3 68 82 88 99 19 
92 0 80 21 52 48 68 64 17 24 80 56 80 84 69 49 68 25 70 9 65 91 72 53 1 9 99 59 92 99 53 55 36 72 71 24 84 41 2 1 38 53 53 68 39 24 93 78 50 61 35 50 7 39 55 64 54 38 42 67 66 
93 0 74 14 19 8 30 8 30 66 84 2 49 90 43 84 51 18 6 37 38 50 12 85 56 83 90 29 56 57 29 57 52 57 79 4 11 71 70 15 36 75 94 14 64 0 82 80 40 17 16 64 42 80 89 75 39 3 27 67 34 
94 72 11 71 82 68 32 34 1 41 73 5 82 18 56 27 99 99 21 14 89 96 0 90 76 70 85 51 91 70 19 13 87 94 67 76 72 44 66 91 63 91 66 47 54 67 40 93 27 76 6 5 38 63 18 3 8 59 87 87 28 
95 23 76 15 95 66 40 7 9 92 42 19 55 56 2 31 16 40 13 29 92 67 6 52 78 41 41 2 10 9 5 93 85 11 55 1 30 62 29 70 76 87 48 37 59 44 63 25 34 78 90 23 19 20 55 44 44 55 39 72 41 
96 65 96 42 78 63 83 29 60 99 59 0 73 73 9 71 70 54 58 41 29 21 46 22 80 13 8 47 12 61 19 35 55 53 0 56 11 80 51 4 52 93 86 32 64 77 5 15 2 78 27 90 76 3 79 71 40 43 90 5 77 
97 1 40 35 7 63 17 38 45 39 72 42 67 5 82 59 2 97 25 6 50 38 56 47 54 72 82 0 8 21 97 62 31 39 46 91 23 7 78 20 38 5 14 16 71 76 46 65 67 46 25 88 83 17 28 7 81 24 10 29 80 
98 40 95 78 38 80 49 31 95 17 77 75 58 95 66 6 73 26 61 0 7 5 95 2 46 41 17 85 44 35 77 21 67 21 91 68 54 98 1 98 75 56 14 37 37 40 82 32 1 36 59 2 72 52 84 19 1 23 37 81 32 
99 64 71 28 11 64 78 69 33 68 73 20 81 56 95 9 33 52 72 55 44 88 0 1 42 11 14 79 94 40 34 72 13 89 80 65 69 7 37 99 31 76 37 95 57 85 75 82 7 96 42 37 44 84 80 24 10 83 30 30 88 
100 56 32 13 35 69 60 17 21 40 34 8 14 31 62 52 36 91 69 80 73 36 10 19 26 21 35 48 60 94 81 96 46 78 94 75 53 52 27 30 67 21 27 19 65 70 16 95 79 41 27 64 46 0 61 42 19 75 14 63 37 
